#x f f2
-0.000050 -0.333955 -0.333333
-0.000049 -0.332173 -0.333333
-0.000048 -0.333292 -0.333333
-0.000047 -0.331496 -0.333333
-0.000046 -0.333058 -0.333333
-0.000045 -0.333828 -0.333333
-0.000044 -0.333651 -0.333333
-0.000043 -0.332339 -0.333333
-0.000042 -0.335668 -0.333333
-0.000041 -0.331838 -0.333333
-0.000040 -0.333067 -0.333333
-0.000039 -0.333147 -0.333333
-0.000038 -0.331821 -0.333333
-0.000037 -0.333157 -0.333333
-0.000036 -0.333143 -0.333333
-0.000035 -0.331449 -0.333333
-0.000034 -0.333315 -0.333333
-0.000033 -0.333651 -0.333333
-0.000032 -0.332037 -0.333333
-0.000031 -0.327950 -0.333333
-0.000030 -0.328955 -0.333333
-0.000029 -0.336859 -0.333333
-0.000028 -0.333795 -0.333333
-0.000027 -0.338431 -0.333333
-0.000026 -0.341102 -0.333333
-0.000025 -0.326850 -0.333333
-0.000024 -0.337307 -0.333333
-0.000023 -0.346745 -0.333333
-0.000022 -0.333651 -0.333333
-0.000021 -0.335668 -0.333333
-0.000020 -0.333067 -0.333333
-0.000019 -0.323727 -0.333333
-0.000018 -0.342661 -0.333333
-0.000017 -0.316367 -0.333333
-0.000016 -0.325261 -0.333333
-0.000015 -0.394746 -0.333333
-0.000014 -0.323680 -0.333333
-0.000013 -0.303202 -0.333333
-0.000012 -0.256996 -0.333333
-0.000011 -0.333651 -0.333333
-0.000010 -0.444089 -0.333333
-0.000009 -0.304588 -0.333333
-0.000008 -0.433681 -0.333333
-0.000007 -0.647360 -0.333333
-0.000006 -0.000000 -0.333333
-0.000005 -0.000000 -0.333333
-0.000004 -0.000000 -0.333333
-0.000003 -0.000000 -0.333333
-0.000002 -0.000000 -0.333333
-0.000001 -0.000000 -0.333333
-0.000000 -0.000000 -0.333333
0.000001 0.000000 -0.333333
0.000002 0.000000 -0.333333
0.000003 0.000000 -0.333333
0.000004 0.000000 -0.333333
0.000005 0.000000 -0.333333
0.000006 0.000000 -0.333333
0.000007 -0.647360 -0.333333
0.000008 -0.433681 -0.333333
0.000009 -0.304588 -0.333333
0.000010 -0.444089 -0.333333
0.000011 -0.333651 -0.333333
0.000012 -0.256996 -0.333333
0.000013 -0.303202 -0.333333
0.000014 -0.323680 -0.333333
0.000015 -0.394746 -0.333333
0.000016 -0.325261 -0.333333
0.000017 -0.316367 -0.333333
0.000018 -0.342661 -0.333333
0.000019 -0.323727 -0.333333
0.000020 -0.333067 -0.333333
0.000021 -0.335668 -0.333333
0.000022 -0.333651 -0.333333
0.000023 -0.346745 -0.333333
0.000024 -0.337307 -0.333333
0.000025 -0.326850 -0.333333
0.000026 -0.341102 -0.333333
0.000027 -0.338431 -0.333333
0.000028 -0.333795 -0.333333
0.000029 -0.336859 -0.333333
0.000030 -0.328955 -0.333333
0.000031 -0.327950 -0.333333
0.000032 -0.332037 -0.333333
0.000033 -0.333651 -0.333333
0.000034 -0.333315 -0.333333
0.000035 -0.331449 -0.333333
0.000036 -0.333143 -0.333333
0.000037 -0.333157 -0.333333
0.000038 -0.331821 -0.333333
0.000039 -0.333147 -0.333333
0.000040 -0.333067 -0.333333
0.000041 -0.331838 -0.333333
0.000042 -0.335668 -0.333333
0.000043 -0.332339 -0.333333
0.000044 -0.333651 -0.333333
0.000045 -0.333828 -0.333333
0.000046 -0.333058 -0.333333
0.000047 -0.331496 -0.333333
0.000048 -0.333292 -0.333333
0.000049 -0.332173 -0.333333
0.000050 -0.333955 -0.333333
