#x f f2
-7000 inf 167622.514098
-6900 inf 160540.829399
-6800 inf 153661.464586
-6700 inf 146981.487486
-6600 inf 140497.965928
-6500 inf 134207.967738
-6400 inf 128108.560746
-6300 inf 122196.812778
-6200 inf 116469.791662
-6100 inf 110924.565226
-6000 inf 105558.201298
-5900 inf 100367.767705
-5800 inf 95350.332276
-5700 inf 90502.962838
-5600 inf 85822.727218
-5500 inf 81306.693245
-5400 32768.000000 76951.928746
-5300 32768.000000 72755.501549
-5200 inf 68714.479482
-5100 65536.000000 64825.930372
-5000 65536.000000 61086.922047
-4900 65536.000000 57494.522336
-4800 65536.000000 54045.799065
-4700 65536.000000 50737.820062
-4600 65536.000000 47567.653155
-4500 65536.000000 44532.366173
-4400 32768.000000 41629.026942
-4300 32768.000000 38854.703290
-4200 32768.000000 36206.463045
-4100 32768.000000 33681.374035
-4000 32768.000000 31276.504088
-3900 32768.000000 28988.921031
-3800 26214.400000 26815.692693
-3700 26214.400000 24753.886900
-3600 21845.333333 22800.571480
-3500 18724.571429 20952.814262
-3400 18724.571429 19207.683073
-3300 16384.000000 17562.245741
-3200 16384.000000 16013.570093
-3100 14563.555556 14558.723958
-3000 13107.200000 13194.775162
-2900 11915.636364 11918.791535
-2800 10922.666667 10727.840902
-2700 9709.037037 9618.991093
-2600 8738.133333 8589.309935
-2500 7598.376812 7635.865256
-2400 6721.641026 6755.724883
-2300 5957.818182 5945.956644
-2200 5190.970297 5203.628368
-2100 4519.724138 4525.807881
-2000 3912.597015 3909.563011
-1900 3350.083067 3351.961587
-1800 2849.391304 2850.071435
-1700 2399.487414 2400.960384
-1600 2001.099237 2001.696262
-1500 1650.001574 1649.346895
-1400 1340.890026 1340.980113
-1300 1073.810548 1073.663742
-1200 844.434065 844.465610
-1100 650.481390 650.453546
-1000 488.704224 488.695376
-900 356.264673 356.258929
-800 250.212015 250.212033
-700 167.622976 167.622514
-600 105.558243 105.558201
-500 61.086916 61.086922
-400 31.276502 31.276504
-300 13.194775 13.194775
-200 3.909563 3.909563
-100 0.488696 0.488696
0 0.000494 0.000494
100 0.000000 0.000000
200 0.000000 0.000000
300 0.000000 0.000000
400 0.000000 0.000000
