#x f f2
-2.000000 15.306853 16.000000 0.693147
-1.990000 14.984257 15.682392 0.698135
-1.980000 14.666439 15.369536 0.703098
-1.970000 14.353349 15.061385 0.708036
-1.960000 14.044941 14.757891 0.712950
-1.950000 13.741166 14.459006 0.717840
-1.940000 13.441979 14.164685 0.722706
-1.930000 13.147331 13.874880 0.727549
-1.920000 12.857177 13.589545 0.732368
-1.910000 12.571470 13.308634 0.737164
-1.900000 12.290163 13.032100 0.741937
-1.890000 12.013210 12.759898 0.746688
-1.880000 11.740567 12.491983 0.751416
-1.870000 11.472188 12.228310 0.756122
-1.860000 11.208026 11.968832 0.760806
-1.850000 10.948038 11.713506 0.765468
-1.840000 10.692179 11.462287 0.770108
-1.830000 10.440404 11.215131 0.774727
-1.820000 10.192669 10.971994 0.779325
-1.810000 9.948930 10.732831 0.783902
-1.800000 9.709143 10.497600 0.788457
-1.790000 9.473264 10.266257 0.792993
-1.780000 9.241251 10.038759 0.797507
-1.770000 9.013061 9.815062 0.802002
-1.760000 8.788650 9.595126 0.806476
-1.750000 8.567976 9.378906 0.810930
-1.740000 8.350997 9.166362 0.815365
-1.730000 8.137671 8.957450 0.819780
-1.720000 7.927955 8.752131 0.824175
-1.710000 7.721809 8.550361 0.828552
-1.700000 7.519191 8.352100 0.832909
-1.690000 7.320060 8.157307 0.837248
-1.680000 7.124375 7.965942 0.841567
-1.670000 6.932095 7.777963 0.845868
-1.660000 6.743180 7.593331 0.850151
-1.650000 6.557591 7.412006 0.854415
-1.640000 6.375287 7.233948 0.858662
-1.630000 6.196228 7.059118 0.862890
-1.620000 6.020375 6.887475 0.867100
-1.610000 5.847689 6.718982 0.871293
-1.600000 5.678131 6.553600 0.875469
-1.590000 5.511663 6.391290 0.879627
-1.580000 5.348245 6.232013 0.883768
-1.570000 5.187841 6.075732 0.887891
-1.560000 5.030411 5.922409 0.891998
-1.550000 4.875918 5.772006 0.896088
-1.540000 4.724325 5.624487 0.900161
-1.530000 4.575595 5.479813 0.904218
-1.520000 4.429690 5.337948 0.908259
-1.510000 4.286573 5.198856 0.912283
-1.500000 4.146209 5.062500 0.916291
-1.490000 4.008561 4.928844 0.920283
-1.480000 3.873593 4.797852 0.924259
-1.470000 3.741270 4.669489 0.928219
-1.460000 3.611554 4.543719 0.932164
-1.450000 3.484413 4.420506 0.936093
-1.440000 3.359810 4.299817 0.940007
-1.430000 3.237710 4.181616 0.943906
-1.420000 3.118080 4.065869 0.947789
-1.410000 3.000884 3.952542 0.951658
-1.400000 2.886089 3.841600 0.955511
-1.390000 2.773660 3.733010 0.959350
-1.380000 2.663565 3.626739 0.963174
-1.370000 2.555770 3.522754 0.966984
-1.360000 2.450241 3.421020 0.970779
-1.350000 2.346947 3.321506 0.974560
-1.340000 2.245853 3.224179 0.978326
-1.330000 2.146929 3.129007 0.982078
-1.320000 2.050141 3.035958 0.985817
-1.310000 1.955458 2.944999 0.989541
-1.300000 1.862848 2.856100 0.993252
-1.290000 1.772280 2.769229 0.996949
-1.280000 1.683723 2.684355 1.000632
-1.270000 1.597145 2.601446 1.004302
-1.260000 1.512516 2.520474 1.007958
-1.250000 1.429805 2.441406 1.011601
-1.240000 1.348983 2.364214 1.015231
-1.230000 1.270019 2.288866 1.018847
-1.220000 1.192884 2.215335 1.022451
-1.210000 1.117547 2.143589 1.026042
-1.200000 1.043981 2.073600 1.029619
-1.190000 0.972155 2.005339 1.033184
-1.180000 0.902041 1.938778 1.036737
-1.170000 0.833610 1.873887 1.040277
-1.160000 0.766835 1.810639 1.043804
-1.150000 0.701687 1.749006 1.047319
-1.140000 0.638139 1.688960 1.050822
-1.130000 0.576162 1.630474 1.054312
-1.120000 0.515729 1.573519 1.057790
-1.110000 0.456814 1.518070 1.061257
-1.100000 0.399389 1.464100 1.064711
-1.090000 0.343429 1.411582 1.068153
-1.080000 0.288905 1.360489 1.071584
-1.070000 0.235794 1.310796 1.075002
-1.060000 0.184067 1.262477 1.078410
-1.050000 0.133701 1.215506 1.081805
-1.040000 0.084669 1.169859 1.085189
-1.030000 0.036947 1.125509 1.088562
-1.020000 -0.009491 1.082432 1.091923
-1.010000 -0.054669 1.040604 1.095273
-1.000000 -0.098612 1.000000 1.098612
-0.990000 -0.141344 0.960596 1.101940
-0.980000 -0.182889 0.922368 1.105257
-0.970000 -0.223270 0.885293 1.108563
-0.960000 -0.262511 0.849347 1.111858
-0.950000 -0.300635 0.814506 1.115142
-0.940000 -0.337666 0.780749 1.118415
-0.930000 -0.373626 0.748052 1.121678
-0.920000 -0.408537 0.716393 1.124930
-0.910000 -0.442421 0.685750 1.128171
-0.900000 -0.475302 0.656100 1.131402
-0.890000 -0.507200 0.627422 1.134623
-0.880000 -0.538138 0.599695 1.137833
-0.870000 -0.568135 0.572898 1.141033
-0.860000 -0.597215 0.547008 1.144223
-0.850000 -0.625396 0.522006 1.147402
-0.840000 -0.652701 0.497871 1.150572
-0.830000 -0.679148 0.474583 1.153732
-0.820000 -0.704759 0.452122 1.156881
-0.810000 -0.729554 0.430467 1.160021
-0.800000 -0.753551 0.409600 1.163151
-0.790000 -0.776770 0.389501 1.166271
-0.780000 -0.799231 0.370151 1.169381
-0.770000 -0.820952 0.351530 1.172482
-0.760000 -0.841952 0.333622 1.175573
-0.750000 -0.862249 0.316406 1.178655
-0.740000 -0.881861 0.299866 1.181727
-0.730000 -0.900808 0.283982 1.184790
-0.720000 -0.919105 0.268739 1.187843
-0.710000 -0.936771 0.254117 1.190888
-0.700000 -0.953822 0.240100 1.193922
-0.690000 -0.970277 0.226671 1.196948
-0.680000 -0.986151 0.213814 1.199965
-0.670000 -1.001461 0.201511 1.202972
-0.660000 -1.016223 0.189747 1.205971
-0.650000 -1.030454 0.178506 1.208960
-0.640000 -1.044169 0.167772 1.211941
-0.630000 -1.057383 0.157530 1.214913
-0.620000 -1.070112 0.147763 1.217876
-0.610000 -1.082372 0.138458 1.220830
-0.600000 -1.094175 0.129600 1.223775
-0.590000 -1.105539 0.121174 1.226712
-0.580000 -1.116476 0.113165 1.229641
-0.570000 -1.127000 0.105560 1.232560
-0.560000 -1.137127 0.098345 1.235471
-0.550000 -1.146868 0.091506 1.238374
-0.540000 -1.156238 0.085031 1.241269
-0.530000 -1.165250 0.078905 1.244155
-0.520000 -1.173916 0.073116 1.247032
-0.510000 -1.182250 0.067652 1.249902
-0.500000 -1.190263 0.062500 1.252763
-0.490000 -1.197968 0.057648 1.255616
-0.480000 -1.205377 0.053084 1.258461
-0.470000 -1.212501 0.048797 1.261298
-0.460000 -1.219352 0.044775 1.264127
-0.450000 -1.225941 0.041006 1.266948
-0.440000 -1.232280 0.037481 1.269761
-0.430000 -1.238378 0.034188 1.272566
-0.420000 -1.244246 0.031117 1.275363
-0.410000 -1.249895 0.028258 1.278152
-0.400000 -1.255334 0.025600 1.280934
-0.390000 -1.260573 0.023134 1.283708
-0.380000 -1.265623 0.020851 1.286474
-0.370000 -1.270491 0.018742 1.289233
-0.360000 -1.275188 0.016796 1.291984
-0.350000 -1.279721 0.015006 1.294727
-0.340000 -1.284100 0.013363 1.297463
-0.330000 -1.288332 0.011859 1.300192
-0.320000 -1.292427 0.010486 1.302913
-0.310000 -1.296391 0.009235 1.305626
-0.300000 -1.300233 0.008100 1.308333
-0.290000 -1.303959 0.007073 1.311032
-0.280000 -1.307577 0.006147 1.313724
-0.270000 -1.311094 0.005314 1.316408
-0.260000 -1.314516 0.004570 1.319086
-0.250000 -1.317850 0.003906 1.321756
-0.240000 -1.321101 0.003318 1.324419
-0.230000 -1.324277 0.002798 1.327075
-0.220000 -1.327381 0.002343 1.329724
-0.210000 -1.330421 0.001945 1.332366
-0.200000 -1.333401 0.001600 1.335001
-0.190000 -1.336326 0.001303 1.337629
-0.180000 -1.339201 0.001050 1.340250
-0.170000 -1.342030 0.000835 1.342865
-0.160000 -1.344817 0.000655 1.345472
-0.150000 -1.347567 0.000506 1.348073
-0.140000 -1.350283 0.000384 1.350667
-0.130000 -1.352969 0.000286 1.353255
-0.120000 -1.355628 0.000207 1.355835
-0.110000 -1.358263 0.000146 1.358409
-0.100000 -1.360877 0.000100 1.360977
-0.090000 -1.363472 0.000066 1.363537
-0.080000 -1.366051 0.000041 1.366092
-0.070000 -1.368615 0.000024 1.368639
-0.060000 -1.371168 0.000013 1.371181
-0.050000 -1.373709 0.000006 1.373716
-0.040000 -1.376241 0.000003 1.376244
-0.030000 -1.378765 0.000001 1.378766
-0.020000 -1.381282 0.000000 1.381282
-0.010000 -1.383791 0.000000 1.383791
0.000000 -1.386294 0.000000 1.386294
0.010000 -1.388791 0.000000 1.388791
0.020000 -1.391282 0.000000 1.391282
0.030000 -1.393766 0.000001 1.393766
0.040000 -1.396242 0.000003 1.396245
0.050000 -1.398711 0.000006 1.398717
0.060000 -1.401170 0.000013 1.401183
0.070000 -1.403619 0.000024 1.403643
0.080000 -1.406056 0.000041 1.406097
0.090000 -1.408479 0.000066 1.408545
0.100000 -1.410887 0.000100 1.410987
0.110000 -1.413277 0.000146 1.413423
0.120000 -1.415646 0.000207 1.415853
0.130000 -1.417992 0.000286 1.418277
0.140000 -1.420312 0.000384 1.420696
0.150000 -1.422602 0.000506 1.423108
0.160000 -1.424860 0.000655 1.425515
0.170000 -1.427081 0.000835 1.427916
0.180000 -1.429261 0.001050 1.430311
0.190000 -1.431398 0.001303 1.432701
0.200000 -1.433485 0.001600 1.435085
0.210000 -1.435518 0.001945 1.437463
0.220000 -1.437493 0.002343 1.439835
0.230000 -1.439404 0.002798 1.442202
0.240000 -1.441246 0.003318 1.444563
0.250000 -1.443013 0.003906 1.446919
0.260000 -1.444699 0.004570 1.449269
0.270000 -1.446299 0.005314 1.451614
0.280000 -1.447806 0.006147 1.453953
0.290000 -1.449214 0.007073 1.456287
0.300000 -1.450515 0.008100 1.458615
0.310000 -1.451703 0.009235 1.460938
0.320000 -1.452770 0.010486 1.463255
0.330000 -1.453708 0.011859 1.465568
0.340000 -1.454511 0.013363 1.467874
0.350000 -1.455170 0.015006 1.470176
0.360000 -1.455676 0.016796 1.472472
0.370000 -1.456021 0.018742 1.474763
0.380000 -1.456197 0.020851 1.477049
0.390000 -1.456195 0.023134 1.479329
0.400000 -1.456005 0.025600 1.481605
0.410000 -1.455617 0.028258 1.483875
0.420000 -1.455023 0.031117 1.486140
0.430000 -1.454212 0.034188 1.488400
0.440000 -1.453173 0.037481 1.490654
0.450000 -1.451898 0.041006 1.492904
0.460000 -1.450374 0.044775 1.495149
0.470000 -1.448592 0.048797 1.497388
0.480000 -1.446539 0.053084 1.499623
0.490000 -1.444205 0.057648 1.501853
0.500000 -1.441577 0.062500 1.504077
0.510000 -1.438645 0.067652 1.506297
0.520000 -1.435396 0.073116 1.508512
0.530000 -1.431817 0.078905 1.510722
0.540000 -1.427896 0.085031 1.512927
0.550000 -1.423621 0.091506 1.515127
0.560000 -1.418978 0.098345 1.517323
0.570000 -1.413953 0.105560 1.519513
0.580000 -1.408534 0.113165 1.521699
0.590000 -1.402706 0.121174 1.523880
0.600000 -1.396456 0.129600 1.526056
0.610000 -1.389769 0.138458 1.528228
0.620000 -1.382631 0.147763 1.530395
0.630000 -1.375027 0.157530 1.532557
0.640000 -1.366942 0.167772 1.534714
0.650000 -1.358361 0.178506 1.536867
0.660000 -1.349268 0.189747 1.539015
0.670000 -1.339648 0.201511 1.541159
0.680000 -1.329484 0.213814 1.543298
0.690000 -1.318761 0.226671 1.545433
0.700000 -1.307463 0.240100 1.547563
0.710000 -1.295571 0.254117 1.549688
0.720000 -1.283070 0.268739 1.551809
0.730000 -1.269943 0.283982 1.553925
0.740000 -1.256171 0.299866 1.556037
0.750000 -1.241738 0.316406 1.558145
0.760000 -1.226626 0.333622 1.560248
0.770000 -1.210816 0.351530 1.562346
0.780000 -1.194290 0.370151 1.564441
0.790000 -1.177030 0.389501 1.566530
0.800000 -1.159016 0.409600 1.568616
0.810000 -1.140230 0.430467 1.570697
0.820000 -1.120652 0.452122 1.572774
0.830000 -1.100263 0.474583 1.574846
0.840000 -1.079043 0.497871 1.576915
0.850000 -1.056972 0.522006 1.578979
0.860000 -1.034030 0.547008 1.581038
0.870000 -1.010196 0.572898 1.583094
0.880000 -0.985450 0.599695 1.585145
0.890000 -0.959770 0.627422 1.587192
0.900000 -0.933135 0.656100 1.589235
0.910000 -0.905524 0.685750 1.591274
0.920000 -0.876916 0.716393 1.593309
0.930000 -0.847287 0.748052 1.595339
0.940000 -0.816616 0.780749 1.597365
0.950000 -0.784881 0.814506 1.599388
0.960000 -0.752059 0.849347 1.601406
0.970000 -0.718127 0.885293 1.603420
0.980000 -0.683062 0.922368 1.605430
0.990000 -0.646840 0.960596 1.607436
1.000000 -0.609438 1.000000 1.609438
1.010000 -0.570832 1.040604 1.611436
1.020000 -0.530998 1.082432 1.613430
1.030000 -0.489911 1.125509 1.615420
1.040000 -0.447548 1.169859 1.617406
1.050000 -0.403882 1.215506 1.619388
1.060000 -0.358890 1.262477 1.621366
1.070000 -0.312545 1.310796 1.623341
1.080000 -0.264822 1.360489 1.625311
1.090000 -0.215696 1.411582 1.627278
1.100000 -0.165141 1.464100 1.629241
1.110000 -0.113129 1.518070 1.631199
1.120000 -0.059635 1.573519 1.633154
1.130000 -0.004632 1.630474 1.635106
1.140000 0.051907 1.688960 1.637053
1.150000 0.110010 1.749006 1.638997
1.160000 0.169703 1.810639 1.640937
1.170000 0.231015 1.873887 1.642873
1.180000 0.293973 1.938778 1.644805
1.190000 0.358606 2.005339 1.646734
1.200000 0.424941 2.073600 1.648659
1.210000 0.493009 2.143589 1.650580
1.220000 0.562837 2.215335 1.652497
1.230000 0.634455 2.288866 1.654411
1.240000 0.707892 2.364214 1.656321
1.250000 0.783178 2.441406 1.658228
1.260000 0.860343 2.520474 1.660131
1.270000 0.939416 2.601446 1.662030
1.280000 1.020428 2.684355 1.663926
1.290000 1.103411 2.769229 1.665818
1.300000 1.188393 2.856100 1.667707
1.310000 1.275407 2.944999 1.669592
1.320000 1.364484 3.035958 1.671473
1.330000 1.455656 3.129007 1.673351
1.340000 1.548954 3.224179 1.675226
1.350000 1.644410 3.321506 1.677097
1.360000 1.742056 3.421020 1.678964
1.370000 1.841926 3.522754 1.680828
1.380000 1.944051 3.626739 1.682688
1.390000 2.048465 3.733010 1.684545
1.400000 2.155201 3.841600 1.686399
1.410000 2.264293 3.952542 1.688249
1.420000 2.375773 4.065869 1.690096
1.430000 2.489677 4.181616 1.691939
1.440000 2.606038 4.299817 1.693779
1.450000 2.724891 4.420506 1.695616
1.460000 2.846270 4.543719 1.697449
1.470000 2.970210 4.669489 1.699279
1.480000 3.096747 4.797852 1.701105
1.490000 3.225916 4.928844 1.702928
1.500000 3.357752 5.062500 1.704748
1.510000 3.492291 5.198856 1.706565
1.520000 3.629570 5.337948 1.708378
1.530000 3.769625 5.479813 1.710188
1.540000 3.912492 5.624487 1.711995
1.550000 4.058208 5.772006 1.713798
1.560000 4.206811 5.922409 1.715598
1.570000 4.358337 6.075732 1.717395
1.580000 4.512824 6.232013 1.719189
1.590000 4.670310 6.391290 1.720979
1.600000 4.830833 6.553600 1.722767
1.610000 4.994432 6.718982 1.724551
1.620000 5.161144 6.887475 1.726332
1.630000 5.331008 7.059118 1.728109
1.640000 5.504064 7.233948 1.729884
1.650000 5.680351 7.412006 1.731656
1.660000 5.859907 7.593331 1.733424
1.670000 6.042774 7.777963 1.735189
1.680000 6.228991 7.965942 1.736951
1.690000 6.418597 8.157307 1.738710
1.700000 6.611634 8.352100 1.740466
1.710000 6.808142 8.550361 1.742219
1.720000 7.008162 8.752131 1.743969
1.730000 7.211735 8.957450 1.745716
1.740000 7.418903 9.166362 1.747459
1.750000 7.629706 9.378906 1.749200
1.760000 7.844188 9.595126 1.750937
1.770000 8.062390 9.815062 1.752672
1.780000 8.284355 10.038759 1.754404
1.790000 8.510125 10.266257 1.756132
1.800000 8.739742 10.497600 1.757858
1.810000 8.973251 10.732831 1.759581
1.820000 9.210693 10.971994 1.761300
1.830000 9.452114 11.215131 1.763017
1.840000 9.697557 11.462287 1.764731
1.850000 9.947065 11.713506 1.766442
1.860000 10.200683 11.968832 1.768150
1.870000 10.458455 12.228310 1.769855
1.880000 10.720427 12.491983 1.771557
1.890000 10.986642 12.759898 1.773256
1.900000 11.257148 13.032100 1.774952
1.910000 11.531988 13.308634 1.776646
1.920000 11.811209 13.589545 1.778336
1.930000 12.094856 13.874880 1.780024
1.940000 12.382976 14.164685 1.781709
1.950000 12.675615 14.459006 1.783391
1.960000 12.972820 14.757891 1.785070
1.970000 13.274638 15.061385 1.786747
1.980000 13.581116 15.369536 1.788421
1.990000 13.892301 15.682392 1.790091
