#x f f2
1 13 13 13
2 12 12 12
3 12 12 12
4 11 11 11
5 11 11 11
6 11 11 11
7 10 10 10
8 10 11 10
9 10 10 10
10 10 10 10
11 10 10 10
12 10 10 10
13 10 10 11
14 9 9 9
15 9 9 9
16 9 9 9
17 9 9 9
18 9 9 9
19 9 9 9
20 9 9 9
21 9 9 9
22 9 9 9
23 9 9 9
24 9 9 9
25 8 9 8
26 8 8 9
27 8 8 8
28 8 8 8
29 8 8 8
30 8 8 8
31 8 8 8
32 8 8 8
33 8 8 8
34 8 8 8
35 8 8 8
36 8 8 8
37 8 8 8
38 8 8 8
39 8 8 8
40 8 8 8
41 8 8 9
42 8 8 8
43 8 8 9
44 8 8 7
45 7 7 7
46 7 7 8
47 7 7 7
48 7 7 7
49 7 7 7
50 7 8 7
51 7 7 7
52 7 7 7
53 7 7 7
54 7 7 7
55 7 7 8
56 7 7 7
57 7 7 8
58 7 7 7
59 7 7 7
60 7 7 7
61 7 7 8
62 7 7 7
63 7 7 8
64 7 7 7
65 7 7 7
66 7 8 7
67 7 7 8
68 6 7 6
69 6 6 6
70 6 6 6
71 6 6 6
72 6 6 7
73 6 6 6
74 6 6 6
75 6 6 6
76 6 6 6
77 6 6 6
78 6 6 7
79 6 6 6
80 6 7 6
81 6 6 6
82 6 6 7
83 6 6 7
84 6 6 6
85 6 6 6
86 6 6 6
87 6 6 6
88 6 6 6
89 6 6 7
90 5 6 5
91 5 5 5
92 5 5 5
93 5 5 5
94 5 5 5
95 5 5 5
96 5 5 5
97 5 5 5
98 5 6 5
99 5 5 4
