#x f f2
-20.000000 2.757392
-19.990000 2.756266
-19.980000 2.755140
-19.970000 2.754014
-19.960000 2.752888
-19.950000 2.751762
-19.940000 2.750637
-19.930000 2.749511
-19.920000 2.748386
-19.910000 2.747260
-19.900000 2.746135
-19.890000 2.745010
-19.880000 2.743885
-19.870000 2.742760
-19.860000 2.741636
-19.850000 2.740511
-19.840000 2.739387
-19.830000 2.738262
-19.820000 2.737138
-19.810000 2.736014
-19.800000 2.734890
-19.790000 2.733766
-19.780000 2.732643
-19.770000 2.731519
-19.760000 2.730396
-19.750000 2.729272
-19.740000 2.728149
-19.730000 2.727026
-19.720000 2.725903
-19.710000 2.724780
-19.700000 2.723657
-19.690000 2.722534
-19.680000 2.721412
-19.670000 2.720290
-19.660000 2.719167
-19.650000 2.718045
-19.640000 2.716923
-19.630000 2.715801
-19.620000 2.714679
-19.610000 2.713558
-19.600000 2.712436
-19.590000 2.711315
-19.580000 2.710193
-19.570000 2.709072
-19.560000 2.707951
-19.550000 2.706830
-19.540000 2.705710
-19.530000 2.704589
-19.520000 2.703468
-19.510000 2.702348
-19.500000 2.701228
-19.490000 2.700107
-19.480000 2.698987
-19.470000 2.697867
-19.460000 2.696748
-19.450000 2.695628
-19.440000 2.694508
-19.430000 2.693389
-19.420000 2.692270
-19.410000 2.691150
-19.400000 2.690031
-19.390000 2.688913
-19.380000 2.687794
-19.370000 2.686675
-19.360000 2.685557
-19.350000 2.684438
-19.340000 2.683320
-19.330000 2.682202
-19.320000 2.681084
-19.310000 2.679966
-19.300000 2.678848
-19.290000 2.677730
-19.280000 2.676613
-19.270000 2.675495
-19.260000 2.674378
-19.250000 2.673261
-19.240000 2.672144
-19.230000 2.671027
-19.220000 2.669911
-19.210000 2.668794
-19.200000 2.667677
-19.190000 2.666561
-19.180000 2.665445
-19.170000 2.664329
-19.160000 2.663213
-19.150000 2.662097
-19.140000 2.660981
-19.130000 2.659866
-19.120000 2.658750
-19.110000 2.657635
-19.100000 2.656520
-19.090000 2.655405
-19.080000 2.654290
-19.070000 2.653175
-19.060000 2.652061
-19.050000 2.650946
-19.040000 2.649832
-19.030000 2.648717
-19.020000 2.647603
-19.010000 2.646489
-19.000000 2.645376
-18.990000 2.644262
-18.980000 2.643148
-18.970000 2.642035
-18.960000 2.640922
-18.950000 2.639808
-18.940000 2.638695
-18.930000 2.637583
-18.920000 2.636470
-18.910000 2.635357
-18.900000 2.634245
-18.890000 2.633132
-18.880000 2.632020
-18.870000 2.630908
-18.860000 2.629796
-18.850000 2.628684
-18.840000 2.627573
-18.830000 2.626461
-18.820000 2.625350
-18.810000 2.624239
-18.800000 2.623127
-18.790000 2.622016
-18.780000 2.620906
-18.770000 2.619795
-18.760000 2.618684
-18.750000 2.617574
-18.740000 2.616464
-18.730000 2.615354
-18.720000 2.614244
-18.710000 2.613134
-18.700000 2.612024
-18.690000 2.610914
-18.680000 2.609805
-18.670000 2.608696
-18.660000 2.607587
-18.650000 2.606477
-18.640000 2.605369
-18.630000 2.604260
-18.620000 2.603151
-18.610000 2.602043
-18.600000 2.600935
-18.590000 2.599826
-18.580000 2.598718
-18.570000 2.597610
-18.560000 2.596503
-18.550000 2.595395
-18.540000 2.594288
-18.530000 2.593180
-18.520000 2.592073
-18.510000 2.590966
-18.500000 2.589859
-18.490000 2.588753
-18.480000 2.587646
-18.470000 2.586540
-18.460000 2.585433
-18.450000 2.584327
-18.440000 2.583221
-18.430000 2.582115
-18.420000 2.581010
-18.410000 2.579904
-18.400000 2.578799
-18.390000 2.577693
-18.380000 2.576588
-18.370000 2.575483
-18.360000 2.574378
-18.350000 2.573274
-18.340000 2.572169
-18.330000 2.571065
-18.320000 2.569960
-18.310000 2.568856
-18.300000 2.567752
-18.290000 2.566649
-18.280000 2.565545
-18.270000 2.564441
-18.260000 2.563338
-18.250000 2.562235
-18.240000 2.561132
-18.230000 2.560029
-18.220000 2.558926
-18.210000 2.557824
-18.200000 2.556721
-18.190000 2.555619
-18.180000 2.554517
-18.170000 2.553415
-18.160000 2.552313
-18.150000 2.551211
-18.140000 2.550110
-18.130000 2.549008
-18.120000 2.547907
-18.110000 2.546806
-18.100000 2.545705
-18.090000 2.544604
-18.080000 2.543504
-18.070000 2.542403
-18.060000 2.541303
-18.050000 2.540203
-18.040000 2.539103
-18.030000 2.538003
-18.020000 2.536903
-18.010000 2.535804
-18.000000 2.534704
-17.990000 2.533605
-17.980000 2.532506
-17.970000 2.531407
-17.960000 2.530308
-17.950000 2.529210
-17.940000 2.528111
-17.930000 2.527013
-17.920000 2.525915
-17.910000 2.524817
-17.900000 2.523719
-17.890000 2.522621
-17.880000 2.521524
-17.870000 2.520426
-17.860000 2.519329
-17.850000 2.518232
-17.840000 2.517135
-17.830000 2.516039
-17.820000 2.514942
-17.810000 2.513846
-17.800000 2.512749
-17.790000 2.511653
-17.780000 2.510557
-17.770000 2.509462
-17.760000 2.508366
-17.750000 2.507271
-17.740000 2.506175
-17.730000 2.505080
-17.720000 2.503985
-17.710000 2.502891
-17.700000 2.501796
-17.690000 2.500701
-17.680000 2.499607
-17.670000 2.498513
-17.660000 2.497419
-17.650000 2.496325
-17.640000 2.495232
-17.630000 2.494138
-17.620000 2.493045
-17.610000 2.491952
-17.600000 2.490859
-17.590000 2.489766
-17.580000 2.488673
-17.570000 2.487581
-17.560000 2.486488
-17.550000 2.485396
-17.540000 2.484304
-17.530000 2.483212
-17.520000 2.482121
-17.510000 2.481029
-17.500000 2.479938
-17.490000 2.478847
-17.480000 2.477756
-17.470000 2.476665
-17.460000 2.475574
-17.450000 2.474484
-17.440000 2.473394
-17.430000 2.472304
-17.420000 2.471214
-17.410000 2.470124
-17.400000 2.469034
-17.390000 2.467945
-17.380000 2.466855
-17.370000 2.465766
-17.360000 2.464677
-17.350000 2.463589
-17.340000 2.462500
-17.330000 2.461412
-17.320000 2.460323
-17.310000 2.459235
-17.300000 2.458147
-17.290000 2.457060
-17.280000 2.455972
-17.270000 2.454885
-17.260000 2.453797
-17.250000 2.452710
-17.240000 2.451623
-17.230000 2.450537
-17.220000 2.449450
-17.210000 2.448364
-17.200000 2.447278
-17.190000 2.446192
-17.180000 2.445106
-17.170000 2.444020
-17.160000 2.442935
-17.150000 2.441850
-17.140000 2.440764
-17.130000 2.439680
-17.120000 2.438595
-17.110000 2.437510
-17.100000 2.436426
-17.090000 2.435342
-17.080000 2.434258
-17.070000 2.433174
-17.060000 2.432090
-17.050000 2.431007
-17.040000 2.429923
-17.030000 2.428840
-17.020000 2.427757
-17.010000 2.426674
-17.000000 2.425592
-16.990000 2.424509
-16.980000 2.423427
-16.970000 2.422345
-16.960000 2.421263
-16.950000 2.420181
-16.940000 2.419100
-16.930000 2.418019
-16.920000 2.416937
-16.910000 2.415857
-16.900000 2.414776
-16.890000 2.413695
-16.880000 2.412615
-16.870000 2.411535
-16.860000 2.410455
-16.850000 2.409375
-16.840000 2.408295
-16.830000 2.407216
-16.820000 2.406136
-16.810000 2.405057
-16.800000 2.403978
-16.790000 2.402899
-16.780000 2.401821
-16.770000 2.400743
-16.760000 2.399664
-16.750000 2.398586
-16.740000 2.397509
-16.730000 2.396431
-16.720000 2.395354
-16.710000 2.394276
-16.700000 2.393199
-16.690000 2.392123
-16.680000 2.391046
-16.670000 2.389969
-16.660000 2.388893
-16.650000 2.387817
-16.640000 2.386741
-16.630000 2.385666
-16.620000 2.384590
-16.610000 2.383515
-16.600000 2.382440
-16.590000 2.381365
-16.580000 2.380290
-16.570000 2.379215
-16.560000 2.378141
-16.550000 2.377067
-16.540000 2.375993
-16.530000 2.374919
-16.520000 2.373846
-16.510000 2.372772
-16.500000 2.371699
-16.490000 2.370626
-16.480000 2.369553
-16.470000 2.368481
-16.460000 2.367408
-16.450000 2.366336
-16.440000 2.365264
-16.430000 2.364193
-16.420000 2.363121
-16.410000 2.362050
-16.400000 2.360978
-16.390000 2.359907
-16.380000 2.358837
-16.370000 2.357766
-16.360000 2.356696
-16.350000 2.355625
-16.340000 2.354555
-16.330000 2.353486
-16.320000 2.352416
-16.310000 2.351347
-16.300000 2.350278
-16.290000 2.349209
-16.280000 2.348140
-16.270000 2.347071
-16.260000 2.346003
-16.250000 2.344935
-16.240000 2.343867
-16.230000 2.342799
-16.220000 2.341731
-16.210000 2.340664
-16.200000 2.339597
-16.190000 2.338530
-16.180000 2.337463
-16.170000 2.336397
-16.160000 2.335331
-16.150000 2.334264
-16.140000 2.333199
-16.130000 2.332133
-16.120000 2.331067
-16.110000 2.330002
-16.100000 2.328937
-16.090000 2.327872
-16.080000 2.326808
-16.070000 2.325743
-16.060000 2.324679
-16.050000 2.323615
-16.040000 2.322551
-16.030000 2.321488
-16.020000 2.320424
-16.010000 2.319361
-16.000000 2.318298
-15.990000 2.317235
-15.980000 2.316173
-15.970000 2.315111
-15.960000 2.314048
-15.950000 2.312987
-15.940000 2.311925
-15.930000 2.310863
-15.920000 2.309802
-15.910000 2.308741
-15.900000 2.307680
-15.890000 2.306620
-15.880000 2.305560
-15.870000 2.304499
-15.860000 2.303439
-15.850000 2.302380
-15.840000 2.301320
-15.830000 2.300261
-15.820000 2.299202
-15.810000 2.298143
-15.800000 2.297084
-15.790000 2.296026
-15.780000 2.294968
-15.770000 2.293910
-15.760000 2.292852
-15.750000 2.291795
-15.740000 2.290737
-15.730000 2.289680
-15.720000 2.288624
-15.710000 2.287567
-15.700000 2.286511
-15.690000 2.285454
-15.680000 2.284398
-15.670000 2.283343
-15.660000 2.282287
-15.650000 2.281232
-15.640000 2.280177
-15.630000 2.279122
-15.620000 2.278067
-15.610000 2.277013
-15.600000 2.275959
-15.590000 2.274905
-15.580000 2.273851
-15.570000 2.272798
-15.560000 2.271745
-15.550000 2.270692
-15.540000 2.269639
-15.530000 2.268586
-15.520000 2.267534
-15.510000 2.266482
-15.500000 2.265430
-15.490000 2.264379
-15.480000 2.263327
-15.470000 2.262276
-15.460000 2.261225
-15.450000 2.260174
-15.440000 2.259124
-15.430000 2.258074
-15.420000 2.257024
-15.410000 2.255974
-15.400000 2.254925
-15.390000 2.253875
-15.380000 2.252826
-15.370000 2.251777
-15.360000 2.250729
-15.350000 2.249681
-15.340000 2.248632
-15.330000 2.247585
-15.320000 2.246537
-15.310000 2.245490
-15.300000 2.244442
-15.290000 2.243396
-15.280000 2.242349
-15.270000 2.241303
-15.260000 2.240256
-15.250000 2.239210
-15.240000 2.238165
-15.230000 2.237119
-15.220000 2.236074
-15.210000 2.235029
-15.200000 2.233984
-15.190000 2.232940
-15.180000 2.231896
-15.170000 2.230852
-15.160000 2.229808
-15.150000 2.228764
-15.140000 2.227721
-15.130000 2.226678
-15.120000 2.225635
-15.110000 2.224593
-15.100000 2.223551
-15.090000 2.222509
-15.080000 2.221467
-15.070000 2.220425
-15.060000 2.219384
-15.050000 2.218343
-15.040000 2.217302
-15.030000 2.216262
-15.020000 2.215221
-15.010000 2.214181
-15.000000 2.213142
-14.990000 2.212102
-14.980000 2.211063
-14.970000 2.210024
-14.960000 2.208985
-14.950000 2.207947
-14.940000 2.206908
-14.930000 2.205870
-14.920000 2.204833
-14.910000 2.203795
-14.900000 2.202758
-14.890000 2.201721
-14.880000 2.200684
-14.870000 2.199648
-14.860000 2.198612
-14.850000 2.197576
-14.840000 2.196540
-14.830000 2.195505
-14.820000 2.194469
-14.810000 2.193435
-14.800000 2.192400
-14.790000 2.191366
-14.780000 2.190331
-14.770000 2.189298
-14.760000 2.188264
-14.750000 2.187231
-14.740000 2.186198
-14.730000 2.185165
-14.720000 2.184132
-14.710000 2.183100
-14.700000 2.182068
-14.690000 2.181036
-14.680000 2.180005
-14.670000 2.178974
-14.660000 2.177943
-14.650000 2.176912
-14.640000 2.175882
-14.630000 2.174851
-14.620000 2.173822
-14.610000 2.172792
-14.600000 2.171763
-14.590000 2.170734
-14.580000 2.169705
-14.570000 2.168676
-14.560000 2.167648
-14.550000 2.166620
-14.540000 2.165592
-14.530000 2.164565
-14.520000 2.163538
-14.510000 2.162511
-14.500000 2.161484
-14.490000 2.160458
-14.480000 2.159432
-14.470000 2.158406
-14.460000 2.157381
-14.450000 2.156355
-14.440000 2.155331
-14.430000 2.154306
-14.420000 2.153281
-14.410000 2.152257
-14.400000 2.151234
-14.390000 2.150210
-14.380000 2.149187
-14.370000 2.148164
-14.360000 2.147141
-14.350000 2.146119
-14.340000 2.145096
-14.330000 2.144075
-14.320000 2.143053
-14.310000 2.142032
-14.300000 2.141011
-14.290000 2.139990
-14.280000 2.138970
-14.270000 2.137949
-14.260000 2.136930
-14.250000 2.135910
-14.240000 2.134891
-14.230000 2.133872
-14.220000 2.132853
-14.210000 2.131835
-14.200000 2.130816
-14.190000 2.129799
-14.180000 2.128781
-14.170000 2.127764
-14.160000 2.126747
-14.150000 2.125730
-14.140000 2.124714
-14.130000 2.123698
-14.120000 2.122682
-14.110000 2.121666
-14.100000 2.120651
-14.090000 2.119636
-14.080000 2.118622
-14.070000 2.117607
-14.060000 2.116593
-14.050000 2.115580
-14.040000 2.114566
-14.030000 2.113553
-14.020000 2.112540
-14.010000 2.111528
-14.000000 2.110516
-13.990000 2.109504
-13.980000 2.108492
-13.970000 2.107481
-13.960000 2.106470
-13.950000 2.105459
-13.940000 2.104449
-13.930000 2.103438
-13.920000 2.102429
-13.910000 2.101419
-13.900000 2.100410
-13.890000 2.099401
-13.880000 2.098393
-13.870000 2.097384
-13.860000 2.096376
-13.850000 2.095369
-13.840000 2.094361
-13.830000 2.093354
-13.820000 2.092348
-13.810000 2.091341
-13.800000 2.090335
-13.790000 2.089329
-13.780000 2.088324
-13.770000 2.087319
-13.760000 2.086314
-13.750000 2.085309
-13.740000 2.084305
-13.730000 2.083301
-13.720000 2.082298
-13.710000 2.081294
-13.700000 2.080291
-13.690000 2.079289
-13.680000 2.078286
-13.670000 2.077284
-13.660000 2.076283
-13.650000 2.075281
-13.640000 2.074280
-13.630000 2.073280
-13.620000 2.072279
-13.610000 2.071279
-13.600000 2.070279
-13.590000 2.069280
-13.580000 2.068281
-13.570000 2.067282
-13.560000 2.066284
-13.550000 2.065285
-13.540000 2.064288
-13.530000 2.063290
-13.520000 2.062293
-13.510000 2.061296
-13.500000 2.060300
-13.490000 2.059304
-13.480000 2.058308
-13.470000 2.057312
-13.460000 2.056317
-13.450000 2.055322
-13.440000 2.054328
-13.430000 2.053334
-13.420000 2.052340
-13.410000 2.051346
-13.400000 2.050353
-13.390000 2.049360
-13.380000 2.048368
-13.370000 2.047376
-13.360000 2.046384
-13.350000 2.045392
-13.340000 2.044401
-13.330000 2.043410
-13.320000 2.042420
-13.310000 2.041430
-13.300000 2.040440
-13.290000 2.039451
-13.280000 2.038462
-13.270000 2.037473
-13.260000 2.036484
-13.250000 2.035496
-13.240000 2.034509
-13.230000 2.033521
-13.220000 2.032534
-13.210000 2.031548
-13.200000 2.030561
-13.190000 2.029575
-13.180000 2.028590
-13.170000 2.027604
-13.160000 2.026619
-13.150000 2.025635
-13.140000 2.024651
-13.130000 2.023667
-13.120000 2.022683
-13.110000 2.021700
-13.100000 2.020717
-13.090000 2.019735
-13.080000 2.018753
-13.070000 2.017771
-13.060000 2.016790
-13.050000 2.015809
-13.040000 2.014828
-13.030000 2.013848
-13.020000 2.012868
-13.010000 2.011888
-13.000000 2.010909
-12.990000 2.009930
-12.980000 2.008952
-12.970000 2.007973
-12.960000 2.006996
-12.950000 2.006018
-12.940000 2.005041
-12.930000 2.004064
-12.920000 2.003088
-12.910000 2.002112
-12.900000 2.001137
-12.890000 2.000161
-12.880000 1.999187
-12.870000 1.998212
-12.860000 1.997238
-12.850000 1.996264
-12.840000 1.995291
-12.830000 1.994318
-12.820000 1.993345
-12.810000 1.992373
-12.800000 1.991401
-12.790000 1.990430
-12.780000 1.989459
-12.770000 1.988488
-12.760000 1.987518
-12.750000 1.986548
-12.740000 1.985578
-12.730000 1.984609
-12.720000 1.983640
-12.710000 1.982672
-12.700000 1.981704
-12.690000 1.980736
-12.680000 1.979769
-12.670000 1.978802
-12.660000 1.977835
-12.650000 1.976869
-12.640000 1.975903
-12.630000 1.974938
-12.620000 1.973973
-12.610000 1.973008
-12.600000 1.972044
-12.590000 1.971080
-12.580000 1.970117
-12.570000 1.969154
-12.560000 1.968191
-12.550000 1.967229
-12.540000 1.966267
-12.530000 1.965306
-12.520000 1.964345
-12.510000 1.963384
-12.500000 1.962424
-12.490000 1.961464
-12.480000 1.960505
-12.470000 1.959545
-12.460000 1.958587
-12.450000 1.957629
-12.440000 1.956671
-12.430000 1.955713
-12.420000 1.954756
-12.410000 1.953800
-12.400000 1.952843
-12.390000 1.951887
-12.380000 1.950932
-12.370000 1.949977
-12.360000 1.949022
-12.350000 1.948068
-12.340000 1.947114
-12.330000 1.946161
-12.320000 1.945208
-12.310000 1.944256
-12.300000 1.943303
-12.290000 1.942352
-12.280000 1.941400
-12.270000 1.940449
-12.260000 1.939499
-12.250000 1.938549
-12.240000 1.937599
-12.230000 1.936650
-12.220000 1.935701
-12.210000 1.934753
-12.200000 1.933805
-12.190000 1.932857
-12.180000 1.931910
-12.170000 1.930964
-12.160000 1.930017
-12.150000 1.929071
-12.140000 1.928126
-12.130000 1.927181
-12.120000 1.926236
-12.110000 1.925292
-12.100000 1.924349
-12.090000 1.923405
-12.080000 1.922463
-12.070000 1.921520
-12.060000 1.920578
-12.050000 1.919637
-12.040000 1.918695
-12.030000 1.917755
-12.020000 1.916815
-12.010000 1.915875
-12.000000 1.914935
-11.990000 1.913996
-11.980000 1.913058
-11.970000 1.912120
-11.960000 1.911182
-11.950000 1.910245
-11.940000 1.909308
-11.930000 1.908372
-11.920000 1.907436
-11.910000 1.906501
-11.900000 1.905566
-11.890000 1.904632
-11.880000 1.903698
-11.870000 1.902764
-11.860000 1.901831
-11.850000 1.900898
-11.840000 1.899966
-11.830000 1.899034
-11.820000 1.898103
-11.810000 1.897172
-11.800000 1.896242
-11.790000 1.895312
-11.780000 1.894382
-11.770000 1.893453
-11.760000 1.892524
-11.750000 1.891596
-11.740000 1.890669
-11.730000 1.889741
-11.720000 1.888815
-11.710000 1.887888
-11.700000 1.886963
-11.690000 1.886037
-11.680000 1.885112
-11.670000 1.884188
-11.660000 1.883264
-11.650000 1.882341
-11.640000 1.881418
-11.630000 1.880495
-11.620000 1.879573
-11.610000 1.878652
-11.600000 1.877730
-11.590000 1.876810
-11.580000 1.875890
-11.570000 1.874970
-11.560000 1.874051
-11.550000 1.873132
-11.540000 1.872214
-11.530000 1.871296
-11.520000 1.870379
-11.510000 1.869462
-11.500000 1.868546
-11.490000 1.867630
-11.480000 1.866715
-11.470000 1.865800
-11.460000 1.864885
-11.450000 1.863971
-11.440000 1.863058
-11.430000 1.862145
-11.420000 1.861233
-11.410000 1.860321
-11.400000 1.859410
-11.390000 1.858499
-11.380000 1.857588
-11.370000 1.856678
-11.360000 1.855769
-11.350000 1.854860
-11.340000 1.853951
-11.330000 1.853044
-11.320000 1.852136
-11.310000 1.851229
-11.300000 1.850323
-11.290000 1.849417
-11.280000 1.848511
-11.270000 1.847607
-11.260000 1.846702
-11.250000 1.845798
-11.240000 1.844895
-11.230000 1.843992
-11.220000 1.843090
-11.210000 1.842188
-11.200000 1.841287
-11.190000 1.840386
-11.180000 1.839486
-11.170000 1.838586
-11.160000 1.837686
-11.150000 1.836788
-11.140000 1.835890
-11.130000 1.834992
-11.120000 1.834095
-11.110000 1.833198
-11.100000 1.832302
-11.090000 1.831406
-11.080000 1.830511
-11.070000 1.829617
-11.060000 1.828723
-11.050000 1.827829
-11.040000 1.826936
-11.030000 1.826044
-11.020000 1.825152
-11.010000 1.824261
-11.000000 1.823370
-10.990000 1.822480
-10.980000 1.821590
-10.970000 1.820701
-10.960000 1.819812
-10.950000 1.818924
-10.940000 1.818036
-10.930000 1.817149
-10.920000 1.816263
-10.910000 1.815377
-10.900000 1.814492
-10.890000 1.813607
-10.880000 1.812722
-10.870000 1.811839
-10.860000 1.810955
-10.850000 1.810073
-10.840000 1.809191
-10.830000 1.808309
-10.820000 1.807428
-10.810000 1.806548
-10.800000 1.805668
-10.790000 1.804789
-10.780000 1.803910
-10.770000 1.803032
-10.760000 1.802154
-10.750000 1.801277
-10.740000 1.800401
-10.730000 1.799525
-10.720000 1.798649
-10.710000 1.797775
-10.700000 1.796900
-10.690000 1.796027
-10.680000 1.795154
-10.670000 1.794281
-10.660000 1.793409
-10.650000 1.792538
-10.640000 1.791667
-10.630000 1.790797
-10.620000 1.789927
-10.610000 1.789058
-10.600000 1.788190
-10.590000 1.787322
-10.580000 1.786455
-10.570000 1.785588
-10.560000 1.784722
-10.550000 1.783856
-10.540000 1.782991
-10.530000 1.782127
-10.520000 1.781263
-10.510000 1.780400
-10.500000 1.779538
-10.490000 1.778676
-10.480000 1.777814
-10.470000 1.776953
-10.460000 1.776093
-10.450000 1.775234
-10.440000 1.774375
-10.430000 1.773516
-10.420000 1.772659
-10.410000 1.771801
-10.400000 1.770945
-10.390000 1.770089
-10.380000 1.769234
-10.370000 1.768379
-10.360000 1.767525
-10.350000 1.766671
-10.340000 1.765818
-10.330000 1.764966
-10.320000 1.764114
-10.310000 1.763263
-10.300000 1.762413
-10.290000 1.761563
-10.280000 1.760714
-10.270000 1.759865
-10.260000 1.759018
-10.250000 1.758170
-10.240000 1.757324
-10.230000 1.756477
-10.220000 1.755632
-10.210000 1.754787
-10.200000 1.753943
-10.190000 1.753100
-10.180000 1.752257
-10.170000 1.751414
-10.160000 1.750573
-10.150000 1.749732
-10.140000 1.748892
-10.130000 1.748052
-10.120000 1.747213
-10.110000 1.746374
-10.100000 1.745537
-10.090000 1.744700
-10.080000 1.743863
-10.070000 1.743027
-10.060000 1.742192
-10.050000 1.741358
-10.040000 1.740524
-10.030000 1.739691
-10.020000 1.738858
-10.010000 1.738026
-10.000000 1.737195
-9.990000 1.736364
-9.980000 1.735534
-9.970000 1.734705
-9.960000 1.733877
-9.950000 1.733049
-9.940000 1.732221
-9.930000 1.731395
-9.920000 1.730569
-9.910000 1.729744
-9.900000 1.728919
-9.890000 1.728095
-9.880000 1.727272
-9.870000 1.726450
-9.860000 1.725628
-9.850000 1.724807
-9.840000 1.723986
-9.830000 1.723166
-9.820000 1.722347
-9.810000 1.721529
-9.800000 1.720711
-9.790000 1.719894
-9.780000 1.719078
-9.770000 1.718262
-9.760000 1.717447
-9.750000 1.716633
-9.740000 1.715819
-9.730000 1.715006
-9.720000 1.714194
-9.710000 1.713383
-9.700000 1.712572
-9.690000 1.711762
-9.680000 1.710952
-9.670000 1.710144
-9.660000 1.709336
-9.650000 1.708529
-9.640000 1.707722
-9.630000 1.706916
-9.620000 1.706111
-9.610000 1.705307
-9.600000 1.704503
-9.590000 1.703700
-9.580000 1.702898
-9.570000 1.702096
-9.560000 1.701296
-9.550000 1.700495
-9.540000 1.699696
-9.530000 1.698898
-9.520000 1.698100
-9.510000 1.697303
-9.500000 1.696506
-9.490000 1.695710
-9.480000 1.694916
-9.470000 1.694121
-9.460000 1.693328
-9.450000 1.692535
-9.440000 1.691743
-9.430000 1.690952
-9.420000 1.690161
-9.410000 1.689372
-9.400000 1.688583
-9.390000 1.687794
-9.380000 1.687007
-9.370000 1.686220
-9.360000 1.685434
-9.350000 1.684649
-9.340000 1.683865
-9.330000 1.683081
-9.320000 1.682298
-9.310000 1.681516
-9.300000 1.680734
-9.290000 1.679954
-9.280000 1.679174
-9.270000 1.678395
-9.260000 1.677616
-9.250000 1.676839
-9.240000 1.676062
-9.230000 1.675286
-9.220000 1.674511
-9.210000 1.673736
-9.200000 1.672963
-9.190000 1.672190
-9.180000 1.671418
-9.170000 1.670646
-9.160000 1.669876
-9.150000 1.669106
-9.140000 1.668337
-9.130000 1.667569
-9.120000 1.666802
-9.110000 1.666035
-9.100000 1.665269
-9.090000 1.664504
-9.080000 1.663740
-9.070000 1.662977
-9.060000 1.662214
-9.050000 1.661452
-9.040000 1.660691
-9.030000 1.659931
-9.020000 1.659172
-9.010000 1.658413
-9.000000 1.657656
-8.990000 1.656899
-8.980000 1.656143
-8.970000 1.655388
-8.960000 1.654633
-8.950000 1.653880
-8.940000 1.653127
-8.930000 1.652375
-8.920000 1.651624
-8.910000 1.650873
-8.900000 1.650124
-8.890000 1.649375
-8.880000 1.648628
-8.870000 1.647881
-8.860000 1.647135
-8.850000 1.646389
-8.840000 1.645645
-8.830000 1.644901
-8.820000 1.644159
-8.810000 1.643417
-8.800000 1.642676
-8.790000 1.641936
-8.780000 1.641196
-8.770000 1.640458
-8.760000 1.639720
-8.750000 1.638983
-8.740000 1.638248
-8.730000 1.637512
-8.720000 1.636778
-8.710000 1.636045
-8.700000 1.635313
-8.690000 1.634581
-8.680000 1.633850
-8.670000 1.633121
-8.660000 1.632392
-8.650000 1.631664
-8.640000 1.630936
-8.630000 1.630210
-8.620000 1.629485
-8.610000 1.628760
-8.600000 1.628037
-8.590000 1.627314
-8.580000 1.626592
-8.570000 1.625871
-8.560000 1.625151
-8.550000 1.624432
-8.540000 1.623714
-8.530000 1.622996
-8.520000 1.622280
-8.510000 1.621564
-8.500000 1.620850
-8.490000 1.620136
-8.480000 1.619423
-8.470000 1.618711
-8.460000 1.618000
-8.450000 1.617290
-8.440000 1.616581
-8.430000 1.615873
-8.420000 1.615165
-8.410000 1.614459
-8.400000 1.613753
-8.390000 1.613049
-8.380000 1.612345
-8.370000 1.611642
-8.360000 1.610941
-8.350000 1.610240
-8.340000 1.609540
-8.330000 1.608841
-8.320000 1.608143
-8.310000 1.607446
-8.300000 1.606750
-8.290000 1.606055
-8.280000 1.605361
-8.270000 1.604667
-8.260000 1.603975
-8.250000 1.603284
-8.240000 1.602593
-8.230000 1.601904
-8.220000 1.601215
-8.210000 1.600528
-8.200000 1.599841
-8.190000 1.599156
-8.180000 1.598471
-8.170000 1.597787
-8.160000 1.597105
-8.150000 1.596423
-8.140000 1.595742
-8.130000 1.595062
-8.120000 1.594384
-8.110000 1.593706
-8.100000 1.593029
-8.090000 1.592353
-8.080000 1.591679
-8.070000 1.591005
-8.060000 1.590332
-8.050000 1.589660
-8.040000 1.588989
-8.030000 1.588319
-8.020000 1.587651
-8.010000 1.586983
-8.000000 1.586316
-7.990000 1.585650
-7.980000 1.584985
-7.970000 1.584321
-7.960000 1.583659
-7.950000 1.582997
-7.940000 1.582336
-7.930000 1.581676
-7.920000 1.581018
-7.910000 1.580360
-7.900000 1.579703
-7.890000 1.579048
-7.880000 1.578393
-7.870000 1.577740
-7.860000 1.577087
-7.850000 1.576436
-7.840000 1.575785
-7.830000 1.575136
-7.820000 1.574487
-7.810000 1.573840
-7.800000 1.573194
-7.790000 1.572549
-7.780000 1.571905
-7.770000 1.571261
-7.760000 1.570619
-7.750000 1.569978
-7.740000 1.569338
-7.730000 1.568700
-7.720000 1.568062
-7.710000 1.567425
-7.700000 1.566789
-7.690000 1.566155
-7.680000 1.565521
-7.670000 1.564889
-7.660000 1.564258
-7.650000 1.563627
-7.640000 1.562998
-7.630000 1.562370
-7.620000 1.561743
-7.610000 1.561117
-7.600000 1.560492
-7.590000 1.559868
-7.580000 1.559246
-7.570000 1.558624
-7.560000 1.558004
-7.550000 1.557384
-7.540000 1.556766
-7.530000 1.556149
-7.520000 1.555533
-7.510000 1.554918
-7.500000 1.554304
-7.490000 1.553691
-7.480000 1.553080
-7.470000 1.552469
-7.460000 1.551860
-7.450000 1.551252
-7.440000 1.550645
-7.430000 1.550039
-7.420000 1.549434
-7.410000 1.548830
-7.400000 1.548228
-7.390000 1.547626
-7.380000 1.547026
-7.370000 1.546427
-7.360000 1.545829
-7.350000 1.545232
-7.340000 1.544636
-7.330000 1.544042
-7.320000 1.543449
-7.310000 1.542856
-7.300000 1.542265
-7.290000 1.541675
-7.280000 1.541087
-7.270000 1.540499
-7.260000 1.539913
-7.250000 1.539327
-7.240000 1.538743
-7.230000 1.538160
-7.220000 1.537579
-7.210000 1.536998
-7.200000 1.536419
-7.190000 1.535840
-7.180000 1.535263
-7.170000 1.534688
-7.160000 1.534113
-7.150000 1.533540
-7.140000 1.532967
-7.130000 1.532396
-7.120000 1.531826
-7.110000 1.531258
-7.100000 1.530690
-7.090000 1.530124
-7.080000 1.529559
-7.070000 1.528995
-7.060000 1.528433
-7.050000 1.527871
-7.040000 1.527311
-7.030000 1.526752
-7.020000 1.526194
-7.010000 1.525638
-7.000000 1.525082
-6.990000 1.524528
-6.980000 1.523976
-6.970000 1.523424
-6.960000 1.522874
-6.950000 1.522324
-6.940000 1.521777
-6.930000 1.521230
-6.920000 1.520684
-6.910000 1.520140
-6.900000 1.519597
-6.890000 1.519056
-6.880000 1.518515
-6.870000 1.517976
-6.860000 1.517438
-6.850000 1.516902
-6.840000 1.516366
-6.830000 1.515832
-6.820000 1.515299
-6.810000 1.514768
-6.800000 1.514237
-6.790000 1.513708
-6.780000 1.513180
-6.770000 1.512654
-6.760000 1.512129
-6.750000 1.511605
-6.740000 1.511082
-6.730000 1.510561
-6.720000 1.510041
-6.710000 1.509522
-6.700000 1.509004
-6.690000 1.508488
-6.680000 1.507973
-6.670000 1.507460
-6.660000 1.506947
-6.650000 1.506436
-6.640000 1.505927
-6.630000 1.505418
-6.620000 1.504911
-6.610000 1.504406
-6.600000 1.503901
-6.590000 1.503398
-6.580000 1.502896
-6.570000 1.502396
-6.560000 1.501896
-6.550000 1.501399
-6.540000 1.500902
-6.530000 1.500407
-6.520000 1.499913
-6.510000 1.499421
-6.500000 1.498929
-6.490000 1.498440
-6.480000 1.497951
-6.470000 1.497464
-6.460000 1.496978
-6.450000 1.496494
-6.440000 1.496010
-6.430000 1.495529
-6.420000 1.495048
-6.410000 1.494569
-6.400000 1.494092
-6.390000 1.493615
-6.380000 1.493140
-6.370000 1.492667
-6.360000 1.492194
-6.350000 1.491723
-6.340000 1.491254
-6.330000 1.490786
-6.320000 1.490319
-6.310000 1.489854
-6.300000 1.489390
-6.290000 1.488927
-6.280000 1.488466
-6.270000 1.488006
-6.260000 1.487547
-6.250000 1.487090
-6.240000 1.486635
-6.230000 1.486180
-6.220000 1.485727
-6.210000 1.485276
-6.200000 1.484826
-6.190000 1.484377
-6.180000 1.483930
-6.170000 1.483484
-6.160000 1.483039
-6.150000 1.482596
-6.140000 1.482155
-6.130000 1.481714
-6.120000 1.481276
-6.110000 1.480838
-6.100000 1.480402
-6.090000 1.479967
-6.080000 1.479534
-6.070000 1.479103
-6.060000 1.478672
-6.050000 1.478243
-6.040000 1.477816
-6.030000 1.477390
-6.020000 1.476965
-6.010000 1.476542
-6.000000 1.476120
-5.990000 1.475700
-5.980000 1.475281
-5.970000 1.474864
-5.960000 1.474448
-5.950000 1.474033
-5.940000 1.473620
-5.930000 1.473209
-5.920000 1.472798
-5.910000 1.472390
-5.900000 1.471982
-5.890000 1.471577
-5.880000 1.471172
-5.870000 1.470769
-5.860000 1.470368
-5.850000 1.469968
-5.840000 1.469569
-5.830000 1.469172
-5.820000 1.468777
-5.810000 1.468383
-5.800000 1.467990
-5.790000 1.467599
-5.780000 1.467209
-5.770000 1.466821
-5.760000 1.466434
-5.750000 1.466049
-5.740000 1.465665
-5.730000 1.465283
-5.720000 1.464902
-5.710000 1.464523
-5.700000 1.464145
-5.690000 1.463769
-5.680000 1.463394
-5.670000 1.463020
-5.660000 1.462649
-5.650000 1.462278
-5.640000 1.461909
-5.630000 1.461542
-5.620000 1.461176
-5.610000 1.460812
-5.600000 1.460449
-5.590000 1.460087
-5.580000 1.459727
-5.570000 1.459369
-5.560000 1.459012
-5.550000 1.458657
-5.540000 1.458303
-5.530000 1.457950
-5.520000 1.457600
-5.510000 1.457250
-5.500000 1.456902
-5.490000 1.456556
-5.480000 1.456211
-5.470000 1.455868
-5.460000 1.455526
-5.450000 1.455186
-5.440000 1.454847
-5.430000 1.454510
-5.420000 1.454174
-5.410000 1.453840
-5.400000 1.453507
-5.390000 1.453176
-5.380000 1.452847
-5.370000 1.452518
-5.360000 1.452192
-5.350000 1.451867
-5.340000 1.451543
-5.330000 1.451221
-5.320000 1.450901
-5.310000 1.450582
-5.300000 1.450264
-5.290000 1.449949
-5.280000 1.449634
-5.270000 1.449321
-5.260000 1.449010
-5.250000 1.448700
-5.240000 1.448392
-5.230000 1.448085
-5.220000 1.447780
-5.210000 1.447477
-5.200000 1.447175
-5.190000 1.446874
-5.180000 1.446575
-5.170000 1.446277
-5.160000 1.445982
-5.150000 1.445687
-5.140000 1.445394
-5.130000 1.445103
-5.120000 1.444813
-5.110000 1.444525
-5.100000 1.444238
-5.090000 1.443953
-5.080000 1.443669
-5.070000 1.443387
-5.060000 1.443107
-5.050000 1.442828
-5.040000 1.442550
-5.030000 1.442274
-5.020000 1.442000
-5.010000 1.441727
-5.000000 1.441455
-4.990000 1.441186
-4.980000 1.440917
-4.970000 1.440651
-4.960000 1.440385
-4.950000 1.440122
-4.940000 1.439860
-4.930000 1.439599
-4.920000 1.439340
-4.910000 1.439082
-4.900000 1.438826
-4.890000 1.438572
-4.880000 1.438319
-4.870000 1.438067
-4.860000 1.437818
-4.850000 1.437569
-4.840000 1.437322
-4.830000 1.437077
-4.820000 1.436833
-4.810000 1.436591
-4.800000 1.436351
-4.790000 1.436111
-4.780000 1.435874
-4.770000 1.435638
-4.760000 1.435403
-4.750000 1.435170
-4.740000 1.434938
-4.730000 1.434708
-4.720000 1.434480
-4.710000 1.434253
-4.700000 1.434027
-4.690000 1.433803
-4.680000 1.433581
-4.670000 1.433360
-4.660000 1.433141
-4.650000 1.432923
-4.640000 1.432706
-4.630000 1.432491
-4.620000 1.432278
-4.610000 1.432066
-4.600000 1.431856
-4.590000 1.431647
-4.580000 1.431439
-4.570000 1.431233
-4.560000 1.431029
-4.550000 1.430826
-4.540000 1.430625
-4.530000 1.430425
-4.520000 1.430226
-4.510000 1.430029
-4.500000 1.429834
-4.490000 1.429640
-4.480000 1.429447
-4.470000 1.429256
-4.460000 1.429067
-4.450000 1.428879
-4.440000 1.428692
-4.430000 1.428507
-4.420000 1.428323
-4.410000 1.428141
-4.400000 1.427960
-4.390000 1.427781
-4.380000 1.427603
-4.370000 1.427426
-4.360000 1.427252
-4.350000 1.427078
-4.340000 1.426906
-4.330000 1.426735
-4.320000 1.426566
-4.310000 1.426398
-4.300000 1.426232
-4.290000 1.426067
-4.280000 1.425904
-4.270000 1.425742
-4.260000 1.425581
-4.250000 1.425422
-4.240000 1.425264
-4.230000 1.425107
-4.220000 1.424952
-4.210000 1.424799
-4.200000 1.424647
-4.190000 1.424496
-4.180000 1.424346
-4.170000 1.424198
-4.160000 1.424052
-4.150000 1.423907
-4.140000 1.423763
-4.130000 1.423620
-4.120000 1.423479
-4.110000 1.423339
-4.100000 1.423201
-4.090000 1.423064
-4.080000 1.422928
-4.070000 1.422794
-4.060000 1.422661
-4.050000 1.422529
-4.040000 1.422399
-4.030000 1.422270
-4.020000 1.422142
-4.010000 1.422015
-4.000000 1.421890
-3.990000 1.421767
-3.980000 1.421644
-3.970000 1.421523
-3.960000 1.421403
-3.950000 1.421285
-3.940000 1.421167
-3.930000 1.421051
-3.920000 1.420937
-3.910000 1.420823
-3.900000 1.420711
-3.890000 1.420600
-3.880000 1.420490
-3.870000 1.420382
-3.860000 1.420275
-3.850000 1.420169
-3.840000 1.420064
-3.830000 1.419961
-3.820000 1.419858
-3.810000 1.419757
-3.800000 1.419658
-3.790000 1.419559
-3.780000 1.419462
-3.770000 1.419365
-3.760000 1.419270
-3.750000 1.419176
-3.740000 1.419084
-3.730000 1.418992
-3.720000 1.418902
-3.710000 1.418813
-3.700000 1.418725
-3.690000 1.418638
-3.680000 1.418552
-3.670000 1.418468
-3.660000 1.418384
-3.650000 1.418302
-3.640000 1.418220
-3.630000 1.418140
-3.620000 1.418061
-3.610000 1.417983
-3.600000 1.417906
-3.590000 1.417831
-3.580000 1.417756
-3.570000 1.417682
-3.560000 1.417610
-3.550000 1.417538
-3.540000 1.417467
-3.530000 1.417398
-3.520000 1.417330
-3.510000 1.417262
-3.500000 1.417196
-3.490000 1.417130
-3.480000 1.417066
-3.470000 1.417003
-3.460000 1.416940
-3.450000 1.416879
-3.440000 1.416818
-3.430000 1.416759
-3.420000 1.416700
-3.410000 1.416643
-3.400000 1.416586
-3.390000 1.416530
-3.380000 1.416475
-3.370000 1.416421
-3.360000 1.416368
-3.350000 1.416316
-3.340000 1.416265
-3.330000 1.416215
-3.320000 1.416165
-3.310000 1.416117
-3.300000 1.416069
-3.290000 1.416022
-3.280000 1.415976
-3.270000 1.415931
-3.260000 1.415887
-3.250000 1.415843
-3.240000 1.415801
-3.230000 1.415759
-3.220000 1.415718
-3.210000 1.415677
-3.200000 1.415638
-3.190000 1.415599
-3.180000 1.415561
-3.170000 1.415524
-3.160000 1.415487
-3.150000 1.415452
-3.140000 1.415417
-3.130000 1.415382
-3.120000 1.415349
-3.110000 1.415316
-3.100000 1.415284
-3.090000 1.415252
-3.080000 1.415221
-3.070000 1.415191
-3.060000 1.415162
-3.050000 1.415133
-3.040000 1.415105
-3.030000 1.415077
-3.020000 1.415050
-3.010000 1.415024
-3.000000 1.414998
-2.990000 1.414973
-2.980000 1.414949
-2.970000 1.414925
-2.960000 1.414902
-2.950000 1.414879
-2.940000 1.414857
-2.930000 1.414835
-2.920000 1.414814
-2.910000 1.414793
-2.900000 1.414773
-2.890000 1.414754
-2.880000 1.414735
-2.870000 1.414716
-2.860000 1.414698
-2.850000 1.414681
-2.840000 1.414664
-2.830000 1.414647
-2.820000 1.414631
-2.810000 1.414616
-2.800000 1.414600
-2.790000 1.414586
-2.780000 1.414571
-2.770000 1.414557
-2.760000 1.414544
-2.750000 1.414531
-2.740000 1.414518
-2.730000 1.414506
-2.720000 1.414494
-2.710000 1.414482
-2.700000 1.414471
-2.690000 1.414460
-2.680000 1.414450
-2.670000 1.414440
-2.660000 1.414430
-2.650000 1.414420
-2.640000 1.414411
-2.630000 1.414402
-2.620000 1.414394
-2.610000 1.414385
-2.600000 1.414378
-2.590000 1.414370
-2.580000 1.414363
-2.570000 1.414355
-2.560000 1.414349
-2.550000 1.414342
-2.540000 1.414336
-2.530000 1.414330
-2.520000 1.414324
-2.510000 1.414318
-2.500000 1.414313
-2.490000 1.414308
-2.480000 1.414303
-2.470000 1.414298
-2.460000 1.414293
-2.450000 1.414289
-2.440000 1.414285
-2.430000 1.414281
-2.420000 1.414277
-2.410000 1.414273
-2.400000 1.414270
-2.390000 1.414267
-2.380000 1.414263
-2.370000 1.414260
-2.360000 1.414258
-2.350000 1.414255
-2.340000 1.414252
-2.330000 1.414250
-2.320000 1.414247
-2.310000 1.414245
-2.300000 1.414243
-2.290000 1.414241
-2.280000 1.414239
-2.270000 1.414238
-2.260000 1.414236
-2.250000 1.414234
-2.240000 1.414233
-2.230000 1.414231
-2.220000 1.414230
-2.210000 1.414229
-2.200000 1.414228
-2.190000 1.414227
-2.180000 1.414226
-2.170000 1.414225
-2.160000 1.414224
-2.150000 1.414223
-2.140000 1.414222
-2.130000 1.414221
-2.120000 1.414221
-2.110000 1.414220
-2.100000 1.414220
-2.090000 1.414219
-2.080000 1.414218
-2.070000 1.414218
-2.060000 1.414218
-2.050000 1.414217
-2.040000 1.414217
-2.030000 1.414217
-2.020000 1.414216
-2.010000 1.414216
-2.000000 1.414216
-1.990000 1.414215
-1.980000 1.414215
-1.970000 1.414215
-1.960000 1.414215
-1.950000 1.414215
-1.940000 1.414215
-1.930000 1.414214
-1.920000 1.414214
-1.910000 1.414214
-1.900000 1.414214
-1.890000 1.414214
-1.880000 1.414214
-1.870000 1.414214
-1.860000 1.414214
-1.850000 1.414214
-1.840000 1.414214
-1.830000 1.414214
-1.820000 1.414214
-1.810000 1.414214
-1.800000 1.414214
-1.790000 1.414214
-1.780000 1.414214
-1.770000 1.414214
-1.760000 1.414214
-1.750000 1.414214
-1.740000 1.414214
-1.730000 1.414214
-1.720000 1.414214
-1.710000 1.414214
-1.700000 1.414214
-1.690000 1.414214
-1.680000 1.414214
-1.670000 1.414214
-1.660000 1.414214
-1.650000 1.414214
-1.640000 1.414214
-1.630000 1.414214
-1.620000 1.414214
-1.610000 1.414214
-1.600000 1.414214
-1.590000 1.414214
-1.580000 1.414214
-1.570000 1.414214
-1.560000 1.414214
-1.550000 1.414214
-1.540000 1.414214
-1.530000 1.414214
-1.520000 1.414214
-1.510000 1.414214
-1.500000 1.414214
-1.490000 1.414214
-1.480000 1.414214
-1.470000 1.414214
-1.460000 1.414214
-1.450000 1.414214
-1.440000 1.414214
-1.430000 1.414214
-1.420000 1.414214
-1.410000 1.414214
-1.400000 1.414214
-1.390000 1.414214
-1.380000 1.414214
-1.370000 1.414214
-1.360000 1.414214
-1.350000 1.414214
-1.340000 1.414214
-1.330000 1.414214
-1.320000 1.414214
-1.310000 1.414214
-1.300000 1.414214
-1.290000 1.414214
-1.280000 1.414214
-1.270000 1.414214
-1.260000 1.414214
-1.250000 1.414214
-1.240000 1.414214
-1.230000 1.414214
-1.220000 1.414214
-1.210000 1.414214
-1.200000 1.414214
-1.190000 1.414214
-1.180000 1.414214
-1.170000 1.414214
-1.160000 1.414214
-1.150000 1.414214
-1.140000 1.414214
-1.130000 1.414214
-1.120000 1.414214
-1.110000 1.414214
-1.100000 1.414214
-1.090000 1.414214
-1.080000 1.414214
-1.070000 1.414214
-1.060000 1.414214
-1.050000 1.414214
-1.040000 1.414214
-1.030000 1.414215
-1.020000 1.414215
-1.010000 1.414215
-1.000000 1.414216
-0.990000 1.414216
-0.980000 1.414217
-0.970000 1.414218
-0.960000 1.414219
-0.950000 1.414220
-0.940000 1.414221
-0.930000 1.414223
-0.920000 1.414225
-0.910000 1.414227
-0.900000 1.414230
-0.890000 1.414234
-0.880000 1.414238
-0.870000 1.414243
-0.860000 1.414249
-0.850000 1.414256
-0.840000 1.414264
-0.830000 1.414273
-0.820000 1.414284
-0.810000 1.414297
-0.800000 1.414313
-0.790000 1.414331
-0.780000 1.414351
-0.770000 1.414376
-0.760000 1.414404
-0.750000 1.414436
-0.740000 1.414474
-0.730000 1.414518
-0.720000 1.414568
-0.710000 1.414626
-0.700000 1.414693
-0.690000 1.414771
-0.680000 1.414859
-0.670000 1.414961
-0.660000 1.415078
-0.650000 1.415212
-0.640000 1.415366
-0.630000 1.415541
-0.620000 1.415741
-0.610000 1.415970
-0.600000 1.416232
-0.590000 1.416529
-0.580000 1.416868
-0.570000 1.417254
-0.560000 1.417693
-0.550000 1.418191
-0.540000 1.418757
-0.530000 1.419400
-0.520000 1.420128
-0.510000 1.420955
-0.500000 1.421890
-0.490000 1.422950
-0.480000 1.424149
-0.470000 1.425506
-0.460000 1.427040
-0.450000 1.428775
-0.440000 1.430734
-0.430000 1.432948
-0.420000 1.435448
-0.410000 1.438270
-0.400000 1.441455
-0.390000 1.445051
-0.380000 1.449108
-0.370000 1.453687
-0.360000 1.458854
-0.350000 1.464685
-0.340000 1.471267
-0.330000 1.478698
-0.320000 1.487090
-0.310000 1.496572
-0.300000 1.507289
-0.290000 1.519410
-0.280000 1.533131
-0.270000 1.548674
-0.260000 1.566301
-0.250000 1.586316
-0.240000 1.609074
-0.230000 1.634994
-0.220000 1.664574
-0.210000 1.698404
-0.200000 1.737195
-0.190000 1.781809
-0.180000 1.833298
-0.170000 1.892961
-0.160000 1.962424
-0.150000 2.043741
-0.140000 2.139553
-0.130000 2.253310
-0.120000 2.389611
-0.110000 2.554717
-0.100000 2.757392
-0.090000 3.010285
-0.080000 3.332359
-0.070000 3.753402
-0.060000 4.323044
-0.050000 5.130598
-0.040000 6.354665
-0.030000 8.411942
-0.020000 12.552458
-0.010000 25.026245
0.000000 764674732184.350830
0.010000 25.026245
0.020000 12.552458
0.030000 8.411942
0.040000 6.354665
0.050000 5.130598
0.060000 4.323044
0.070000 3.753402
0.080000 3.332359
0.090000 3.010285
0.100000 2.757392
0.110000 2.554717
0.120000 2.389611
0.130000 2.253310
0.140000 2.139553
0.150000 2.043741
0.160000 1.962424
0.170000 1.892961
0.180000 1.833298
0.190000 1.781809
0.200000 1.737195
0.210000 1.698404
0.220000 1.664574
0.230000 1.634994
0.240000 1.609074
0.250000 1.586316
0.260000 1.566301
0.270000 1.548674
0.280000 1.533131
0.290000 1.519410
0.300000 1.507289
0.310000 1.496572
0.320000 1.487090
0.330000 1.478698
0.340000 1.471267
0.350000 1.464685
0.360000 1.458854
0.370000 1.453687
0.380000 1.449108
0.390000 1.445051
0.400000 1.441455
0.410000 1.438270
0.420000 1.435448
0.430000 1.432948
0.440000 1.430734
0.450000 1.428775
0.460000 1.427040
0.470000 1.425506
0.480000 1.424149
0.490000 1.422950
0.500000 1.421890
0.510000 1.420955
0.520000 1.420128
0.530000 1.419400
0.540000 1.418757
0.550000 1.418191
0.560000 1.417693
0.570000 1.417254
0.580000 1.416868
0.590000 1.416529
0.600000 1.416232
0.610000 1.415970
0.620000 1.415741
0.630000 1.415541
0.640000 1.415366
0.650000 1.415212
0.660000 1.415078
0.670000 1.414961
0.680000 1.414859
0.690000 1.414771
0.700000 1.414693
0.710000 1.414626
0.720000 1.414568
0.730000 1.414518
0.740000 1.414474
0.750000 1.414436
0.760000 1.414404
0.770000 1.414376
0.780000 1.414351
0.790000 1.414331
0.800000 1.414313
0.810000 1.414297
0.820000 1.414284
0.830000 1.414273
0.840000 1.414264
0.850000 1.414256
0.860000 1.414249
0.870000 1.414243
0.880000 1.414238
0.890000 1.414234
0.900000 1.414230
0.910000 1.414227
0.920000 1.414225
0.930000 1.414223
0.940000 1.414221
0.950000 1.414220
0.960000 1.414219
0.970000 1.414218
0.980000 1.414217
0.990000 1.414216
1.000000 1.414216
1.010000 1.414215
1.020000 1.414215
1.030000 1.414215
1.040000 1.414214
1.050000 1.414214
1.060000 1.414214
1.070000 1.414214
1.080000 1.414214
1.090000 1.414214
1.100000 1.414214
1.110000 1.414214
1.120000 1.414214
1.130000 1.414214
1.140000 1.414214
1.150000 1.414214
1.160000 1.414214
1.170000 1.414214
1.180000 1.414214
1.190000 1.414214
1.200000 1.414214
1.210000 1.414214
1.220000 1.414214
1.230000 1.414214
1.240000 1.414214
1.250000 1.414214
1.260000 1.414214
1.270000 1.414214
1.280000 1.414214
1.290000 1.414214
1.300000 1.414214
1.310000 1.414214
1.320000 1.414214
1.330000 1.414214
1.340000 1.414214
1.350000 1.414214
1.360000 1.414214
1.370000 1.414214
1.380000 1.414214
1.390000 1.414214
1.400000 1.414214
1.410000 1.414214
1.420000 1.414214
1.430000 1.414214
1.440000 1.414214
1.450000 1.414214
1.460000 1.414214
1.470000 1.414214
1.480000 1.414214
1.490000 1.414214
1.500000 1.414214
1.510000 1.414214
1.520000 1.414214
1.530000 1.414214
1.540000 1.414214
1.550000 1.414214
1.560000 1.414214
1.570000 1.414214
1.580000 1.414214
1.590000 1.414214
1.600000 1.414214
1.610000 1.414214
1.620000 1.414214
1.630000 1.414214
1.640000 1.414214
1.650000 1.414214
1.660000 1.414214
1.670000 1.414214
1.680000 1.414214
1.690000 1.414214
1.700000 1.414214
1.710000 1.414214
1.720000 1.414214
1.730000 1.414214
1.740000 1.414214
1.750000 1.414214
1.760000 1.414214
1.770000 1.414214
1.780000 1.414214
1.790000 1.414214
1.800000 1.414214
1.810000 1.414214
1.820000 1.414214
1.830000 1.414214
1.840000 1.414214
1.850000 1.414214
1.860000 1.414214
1.870000 1.414214
1.880000 1.414214
1.890000 1.414214
1.900000 1.414214
1.910000 1.414214
1.920000 1.414214
1.930000 1.414214
1.940000 1.414215
1.950000 1.414215
1.960000 1.414215
1.970000 1.414215
1.980000 1.414215
1.990000 1.414215
2.000000 1.414216
2.010000 1.414216
2.020000 1.414216
2.030000 1.414217
2.040000 1.414217
2.050000 1.414217
2.060000 1.414218
2.070000 1.414218
2.080000 1.414218
2.090000 1.414219
2.100000 1.414220
2.110000 1.414220
2.120000 1.414221
2.130000 1.414221
2.140000 1.414222
2.150000 1.414223
2.160000 1.414224
2.170000 1.414225
2.180000 1.414226
2.190000 1.414227
2.200000 1.414228
2.210000 1.414229
2.220000 1.414230
2.230000 1.414231
2.240000 1.414233
2.250000 1.414234
2.260000 1.414236
2.270000 1.414238
2.280000 1.414239
2.290000 1.414241
2.300000 1.414243
2.310000 1.414245
2.320000 1.414247
2.330000 1.414250
2.340000 1.414252
2.350000 1.414255
2.360000 1.414258
2.370000 1.414260
2.380000 1.414263
2.390000 1.414267
2.400000 1.414270
2.410000 1.414273
2.420000 1.414277
2.430000 1.414281
2.440000 1.414285
2.450000 1.414289
2.460000 1.414293
2.470000 1.414298
2.480000 1.414303
2.490000 1.414308
2.500000 1.414313
2.510000 1.414318
2.520000 1.414324
2.530000 1.414330
2.540000 1.414336
2.550000 1.414342
2.560000 1.414349
2.570000 1.414355
2.580000 1.414363
2.590000 1.414370
2.600000 1.414378
2.610000 1.414385
2.620000 1.414394
2.630000 1.414402
2.640000 1.414411
2.650000 1.414420
2.660000 1.414430
2.670000 1.414440
2.680000 1.414450
2.690000 1.414460
2.700000 1.414471
2.710000 1.414482
2.720000 1.414494
2.730000 1.414506
2.740000 1.414518
2.750000 1.414531
2.760000 1.414544
2.770000 1.414557
2.780000 1.414571
2.790000 1.414586
2.800000 1.414600
2.810000 1.414616
2.820000 1.414631
2.830000 1.414647
2.840000 1.414664
2.850000 1.414681
2.860000 1.414698
2.870000 1.414716
2.880000 1.414735
2.890000 1.414754
2.900000 1.414773
2.910000 1.414793
2.920000 1.414814
2.930000 1.414835
2.940000 1.414857
2.950000 1.414879
2.960000 1.414902
2.970000 1.414925
2.980000 1.414949
2.990000 1.414973
3.000000 1.414998
3.010000 1.415024
3.020000 1.415050
3.030000 1.415077
3.040000 1.415105
3.050000 1.415133
3.060000 1.415162
3.070000 1.415191
3.080000 1.415221
3.090000 1.415252
3.100000 1.415284
3.110000 1.415316
3.120000 1.415349
3.130000 1.415382
3.140000 1.415417
3.150000 1.415452
3.160000 1.415487
3.170000 1.415524
3.180000 1.415561
3.190000 1.415599
3.200000 1.415638
3.210000 1.415677
3.220000 1.415718
3.230000 1.415759
3.240000 1.415801
3.250000 1.415843
3.260000 1.415887
3.270000 1.415931
3.280000 1.415976
3.290000 1.416022
3.300000 1.416069
3.310000 1.416117
3.320000 1.416165
3.330000 1.416215
3.340000 1.416265
3.350000 1.416316
3.360000 1.416368
3.370000 1.416421
3.380000 1.416475
3.390000 1.416530
3.400000 1.416586
3.410000 1.416643
3.420000 1.416700
3.430000 1.416759
3.440000 1.416818
3.450000 1.416879
3.460000 1.416940
3.470000 1.417003
3.480000 1.417066
3.490000 1.417130
3.500000 1.417196
3.510000 1.417262
3.520000 1.417330
3.530000 1.417398
3.540000 1.417467
3.550000 1.417538
3.560000 1.417610
3.570000 1.417682
3.580000 1.417756
3.590000 1.417831
3.600000 1.417906
3.610000 1.417983
3.620000 1.418061
3.630000 1.418140
3.640000 1.418220
3.650000 1.418302
3.660000 1.418384
3.670000 1.418468
3.680000 1.418552
3.690000 1.418638
3.700000 1.418725
3.710000 1.418813
3.720000 1.418902
3.730000 1.418992
3.740000 1.419084
3.750000 1.419176
3.760000 1.419270
3.770000 1.419365
3.780000 1.419462
3.790000 1.419559
3.800000 1.419658
3.810000 1.419757
3.820000 1.419858
3.830000 1.419961
3.840000 1.420064
3.850000 1.420169
3.860000 1.420275
3.870000 1.420382
3.880000 1.420490
3.890000 1.420600
3.900000 1.420711
3.910000 1.420823
3.920000 1.420937
3.930000 1.421051
3.940000 1.421167
3.950000 1.421285
3.960000 1.421403
3.970000 1.421523
3.980000 1.421644
3.990000 1.421767
4.000000 1.421890
4.010000 1.422015
4.020000 1.422142
4.030000 1.422270
4.040000 1.422399
4.050000 1.422529
4.060000 1.422661
4.070000 1.422794
4.080000 1.422928
4.090000 1.423064
4.100000 1.423201
4.110000 1.423339
4.120000 1.423479
4.130000 1.423620
4.140000 1.423763
4.150000 1.423907
4.160000 1.424052
4.170000 1.424198
4.180000 1.424346
4.190000 1.424496
4.200000 1.424647
4.210000 1.424799
4.220000 1.424952
4.230000 1.425107
4.240000 1.425264
4.250000 1.425422
4.260000 1.425581
4.270000 1.425742
4.280000 1.425904
4.290000 1.426067
4.300000 1.426232
4.310000 1.426398
4.320000 1.426566
4.330000 1.426735
4.340000 1.426906
4.350000 1.427078
4.360000 1.427252
4.370000 1.427426
4.380000 1.427603
4.390000 1.427781
4.400000 1.427960
4.410000 1.428141
4.420000 1.428323
4.430000 1.428507
4.440000 1.428692
4.450000 1.428879
4.460000 1.429067
4.470000 1.429256
4.480000 1.429447
4.490000 1.429640
4.500000 1.429834
4.510000 1.430029
4.520000 1.430226
4.530000 1.430425
4.540000 1.430625
4.550000 1.430826
4.560000 1.431029
4.570000 1.431233
4.580000 1.431439
4.590000 1.431647
4.600000 1.431856
4.610000 1.432066
4.620000 1.432278
4.630000 1.432491
4.640000 1.432706
4.650000 1.432923
4.660000 1.433141
4.670000 1.433360
4.680000 1.433581
4.690000 1.433803
4.700000 1.434027
4.710000 1.434253
4.720000 1.434480
4.730000 1.434708
4.740000 1.434938
4.750000 1.435170
4.760000 1.435403
4.770000 1.435638
4.780000 1.435874
4.790000 1.436111
4.800000 1.436351
4.810000 1.436591
4.820000 1.436833
4.830000 1.437077
4.840000 1.437322
4.850000 1.437569
4.860000 1.437818
4.870000 1.438067
4.880000 1.438319
4.890000 1.438572
4.900000 1.438826
4.910000 1.439082
4.920000 1.439340
4.930000 1.439599
4.940000 1.439860
4.950000 1.440122
4.960000 1.440385
4.970000 1.440651
4.980000 1.440917
4.990000 1.441186
5.000000 1.441455
5.010000 1.441727
5.020000 1.442000
5.030000 1.442274
5.040000 1.442550
5.050000 1.442828
5.060000 1.443107
5.070000 1.443387
5.080000 1.443669
5.090000 1.443953
5.100000 1.444238
5.110000 1.444525
5.120000 1.444813
5.130000 1.445103
5.140000 1.445394
5.150000 1.445687
5.160000 1.445982
5.170000 1.446277
5.180000 1.446575
5.190000 1.446874
5.200000 1.447175
5.210000 1.447477
5.220000 1.447780
5.230000 1.448085
5.240000 1.448392
5.250000 1.448700
5.260000 1.449010
5.270000 1.449321
5.280000 1.449634
5.290000 1.449949
5.300000 1.450264
5.310000 1.450582
5.320000 1.450901
5.330000 1.451221
5.340000 1.451543
5.350000 1.451867
5.360000 1.452192
5.370000 1.452518
5.380000 1.452847
5.390000 1.453176
5.400000 1.453507
5.410000 1.453840
5.420000 1.454174
5.430000 1.454510
5.440000 1.454847
5.450000 1.455186
5.460000 1.455526
5.470000 1.455868
5.480000 1.456211
5.490000 1.456556
5.500000 1.456902
5.510000 1.457250
5.520000 1.457600
5.530000 1.457950
5.540000 1.458303
5.550000 1.458657
5.560000 1.459012
5.570000 1.459369
5.580000 1.459727
5.590000 1.460087
5.600000 1.460449
5.610000 1.460812
5.620000 1.461176
5.630000 1.461542
5.640000 1.461909
5.650000 1.462278
5.660000 1.462649
5.670000 1.463020
5.680000 1.463394
5.690000 1.463769
5.700000 1.464145
5.710000 1.464523
5.720000 1.464902
5.730000 1.465283
5.740000 1.465665
5.750000 1.466049
5.760000 1.466434
5.770000 1.466821
5.780000 1.467209
5.790000 1.467599
5.800000 1.467990
5.810000 1.468383
5.820000 1.468777
5.830000 1.469172
5.840000 1.469569
5.850000 1.469968
5.860000 1.470368
5.870000 1.470769
5.880000 1.471172
5.890000 1.471577
5.900000 1.471982
5.910000 1.472390
5.920000 1.472798
5.930000 1.473209
5.940000 1.473620
5.950000 1.474033
5.960000 1.474448
5.970000 1.474864
5.980000 1.475281
5.990000 1.475700
6.000000 1.476120
6.010000 1.476542
6.020000 1.476965
6.030000 1.477390
6.040000 1.477816
6.050000 1.478243
6.060000 1.478672
6.070000 1.479103
6.080000 1.479534
6.090000 1.479967
6.100000 1.480402
6.110000 1.480838
6.120000 1.481276
6.130000 1.481714
6.140000 1.482155
6.150000 1.482596
6.160000 1.483039
6.170000 1.483484
6.180000 1.483930
6.190000 1.484377
6.200000 1.484826
6.210000 1.485276
6.220000 1.485727
6.230000 1.486180
6.240000 1.486635
6.250000 1.487090
6.260000 1.487547
6.270000 1.488006
6.280000 1.488466
6.290000 1.488927
6.300000 1.489390
6.310000 1.489854
6.320000 1.490319
6.330000 1.490786
6.340000 1.491254
6.350000 1.491723
6.360000 1.492194
6.370000 1.492667
6.380000 1.493140
6.390000 1.493615
6.400000 1.494092
6.410000 1.494569
6.420000 1.495048
6.430000 1.495529
6.440000 1.496010
6.450000 1.496494
6.460000 1.496978
6.470000 1.497464
6.480000 1.497951
6.490000 1.498440
6.500000 1.498929
6.510000 1.499421
6.520000 1.499913
6.530000 1.500407
6.540000 1.500902
6.550000 1.501399
6.560000 1.501896
6.570000 1.502396
6.580000 1.502896
6.590000 1.503398
6.600000 1.503901
6.610000 1.504406
6.620000 1.504911
6.630000 1.505418
6.640000 1.505927
6.650000 1.506436
6.660000 1.506947
6.670000 1.507460
6.680000 1.507973
6.690000 1.508488
6.700000 1.509004
6.710000 1.509522
6.720000 1.510041
6.730000 1.510561
6.740000 1.511082
6.750000 1.511605
6.760000 1.512129
6.770000 1.512654
6.780000 1.513180
6.790000 1.513708
6.800000 1.514237
6.810000 1.514768
6.820000 1.515299
6.830000 1.515832
6.840000 1.516366
6.850000 1.516902
6.860000 1.517438
6.870000 1.517976
6.880000 1.518515
6.890000 1.519056
6.900000 1.519597
6.910000 1.520140
6.920000 1.520684
6.930000 1.521230
6.940000 1.521777
6.950000 1.522324
6.960000 1.522874
6.970000 1.523424
6.980000 1.523976
6.990000 1.524528
7.000000 1.525082
7.010000 1.525638
7.020000 1.526194
7.030000 1.526752
7.040000 1.527311
7.050000 1.527871
7.060000 1.528433
7.070000 1.528995
7.080000 1.529559
7.090000 1.530124
7.100000 1.530690
7.110000 1.531258
7.120000 1.531826
7.130000 1.532396
7.140000 1.532967
7.150000 1.533540
7.160000 1.534113
7.170000 1.534688
7.180000 1.535263
7.190000 1.535840
7.200000 1.536419
7.210000 1.536998
7.220000 1.537579
7.230000 1.538160
7.240000 1.538743
7.250000 1.539327
7.260000 1.539913
7.270000 1.540499
7.280000 1.541087
7.290000 1.541675
7.300000 1.542265
7.310000 1.542856
7.320000 1.543449
7.330000 1.544042
7.340000 1.544636
7.350000 1.545232
7.360000 1.545829
7.370000 1.546427
7.380000 1.547026
7.390000 1.547626
7.400000 1.548228
7.410000 1.548830
7.420000 1.549434
7.430000 1.550039
7.440000 1.550645
7.450000 1.551252
7.460000 1.551860
7.470000 1.552469
7.480000 1.553080
7.490000 1.553691
7.500000 1.554304
7.510000 1.554918
7.520000 1.555533
7.530000 1.556149
7.540000 1.556766
7.550000 1.557384
7.560000 1.558004
7.570000 1.558624
7.580000 1.559246
7.590000 1.559868
7.600000 1.560492
7.610000 1.561117
7.620000 1.561743
7.630000 1.562370
7.640000 1.562998
7.650000 1.563627
7.660000 1.564258
7.670000 1.564889
7.680000 1.565521
7.690000 1.566155
7.700000 1.566789
7.710000 1.567425
7.720000 1.568062
7.730000 1.568700
7.740000 1.569338
7.750000 1.569978
7.760000 1.570619
7.770000 1.571261
7.780000 1.571905
7.790000 1.572549
7.800000 1.573194
7.810000 1.573840
7.820000 1.574487
7.830000 1.575136
7.840000 1.575785
7.850000 1.576436
7.860000 1.577087
7.870000 1.577740
7.880000 1.578393
7.890000 1.579048
7.900000 1.579703
7.910000 1.580360
7.920000 1.581018
7.930000 1.581676
7.940000 1.582336
7.950000 1.582997
7.960000 1.583659
7.970000 1.584321
7.980000 1.584985
7.990000 1.585650
8.000000 1.586316
8.010000 1.586983
8.020000 1.587651
8.030000 1.588319
8.040000 1.588989
8.050000 1.589660
8.060000 1.590332
8.070000 1.591005
8.080000 1.591679
8.090000 1.592353
8.100000 1.593029
8.110000 1.593706
8.120000 1.594384
8.130000 1.595062
8.140000 1.595742
8.150000 1.596423
8.160000 1.597105
8.170000 1.597787
8.180000 1.598471
8.190000 1.599156
8.200000 1.599841
8.210000 1.600528
8.220000 1.601215
8.230000 1.601904
8.240000 1.602593
8.250000 1.603284
8.260000 1.603975
8.270000 1.604667
8.280000 1.605361
8.290000 1.606055
8.300000 1.606750
8.310000 1.607446
8.320000 1.608143
8.330000 1.608841
8.340000 1.609540
8.350000 1.610240
8.360000 1.610941
8.370000 1.611642
8.380000 1.612345
8.390000 1.613049
8.400000 1.613753
8.410000 1.614459
8.420000 1.615165
8.430000 1.615873
8.440000 1.616581
8.450000 1.617290
8.460000 1.618000
8.470000 1.618711
8.480000 1.619423
8.490000 1.620136
8.500000 1.620850
8.510000 1.621564
8.520000 1.622280
8.530000 1.622996
8.540000 1.623714
8.550000 1.624432
8.560000 1.625151
8.570000 1.625871
8.580000 1.626592
8.590000 1.627314
8.600000 1.628037
8.610000 1.628760
8.620000 1.629485
8.630000 1.630210
8.640000 1.630936
8.650000 1.631664
8.660000 1.632392
8.670000 1.633121
8.680000 1.633850
8.690000 1.634581
8.700000 1.635313
8.710000 1.636045
8.720000 1.636778
8.730000 1.637512
8.740000 1.638248
8.750000 1.638983
8.760000 1.639720
8.770000 1.640458
8.780000 1.641196
8.790000 1.641936
8.800000 1.642676
8.810000 1.643417
8.820000 1.644159
8.830000 1.644901
8.840000 1.645645
8.850000 1.646389
8.860000 1.647135
8.870000 1.647881
8.880000 1.648628
8.890000 1.649375
8.900000 1.650124
8.910000 1.650873
8.920000 1.651624
8.930000 1.652375
8.940000 1.653127
8.950000 1.653880
8.960000 1.654633
8.970000 1.655388
8.980000 1.656143
8.990000 1.656899
9.000000 1.657656
9.010000 1.658413
9.020000 1.659172
9.030000 1.659931
9.040000 1.660691
9.050000 1.661452
9.060000 1.662214
9.070000 1.662977
9.080000 1.663740
9.090000 1.664504
9.100000 1.665269
9.110000 1.666035
9.120000 1.666802
9.130000 1.667569
9.140000 1.668337
9.150000 1.669106
9.160000 1.669876
9.170000 1.670646
9.180000 1.671418
9.190000 1.672190
9.200000 1.672963
9.210000 1.673736
9.220000 1.674511
9.230000 1.675286
9.240000 1.676062
9.250000 1.676839
9.260000 1.677616
9.270000 1.678395
9.280000 1.679174
9.290000 1.679954
9.300000 1.680734
9.310000 1.681516
9.320000 1.682298
9.330000 1.683081
9.340000 1.683865
9.350000 1.684649
9.360000 1.685434
9.370000 1.686220
9.380000 1.687007
9.390000 1.687794
9.400000 1.688583
9.410000 1.689372
9.420000 1.690161
9.430000 1.690952
9.440000 1.691743
9.450000 1.692535
9.460000 1.693328
9.470000 1.694121
9.480000 1.694916
9.490000 1.695710
9.500000 1.696506
9.510000 1.697303
9.520000 1.698100
9.530000 1.698898
9.540000 1.699696
9.550000 1.700495
9.560000 1.701296
9.570000 1.702096
9.580000 1.702898
9.590000 1.703700
9.600000 1.704503
9.610000 1.705307
9.620000 1.706111
9.630000 1.706916
9.640000 1.707722
9.650000 1.708529
9.660000 1.709336
9.670000 1.710144
9.680000 1.710952
9.690000 1.711762
9.700000 1.712572
9.710000 1.713383
9.720000 1.714194
9.730000 1.715006
9.740000 1.715819
9.750000 1.716633
9.760000 1.717447
9.770000 1.718262
9.780000 1.719078
9.790000 1.719894
9.800000 1.720711
9.810000 1.721529
9.820000 1.722347
9.830000 1.723166
9.840000 1.723986
9.850000 1.724807
9.860000 1.725628
9.870000 1.726450
9.880000 1.727272
9.890000 1.728095
9.900000 1.728919
9.910000 1.729744
9.920000 1.730569
9.930000 1.731395
9.940000 1.732221
9.950000 1.733049
9.960000 1.733877
9.970000 1.734705
9.980000 1.735534
9.990000 1.736364
10.000000 1.737195
10.010000 1.738026
10.020000 1.738858
10.030000 1.739691
10.040000 1.740524
10.050000 1.741358
10.060000 1.742192
10.070000 1.743027
10.080000 1.743863
10.090000 1.744700
10.100000 1.745537
10.110000 1.746374
10.120000 1.747213
10.130000 1.748052
10.140000 1.748892
10.150000 1.749732
10.160000 1.750573
10.170000 1.751414
10.180000 1.752257
10.190000 1.753100
10.200000 1.753943
10.210000 1.754787
10.220000 1.755632
10.230000 1.756477
10.240000 1.757324
10.250000 1.758170
10.260000 1.759018
10.270000 1.759865
10.280000 1.760714
10.290000 1.761563
10.300000 1.762413
10.310000 1.763263
10.320000 1.764114
10.330000 1.764966
10.340000 1.765818
10.350000 1.766671
10.360000 1.767525
10.370000 1.768379
10.380000 1.769234
10.390000 1.770089
10.400000 1.770945
10.410000 1.771801
10.420000 1.772659
10.430000 1.773516
10.440000 1.774375
10.450000 1.775234
10.460000 1.776093
10.470000 1.776953
10.480000 1.777814
10.490000 1.778676
10.500000 1.779538
10.510000 1.780400
10.520000 1.781263
10.530000 1.782127
10.540000 1.782991
10.550000 1.783856
10.560000 1.784722
10.570000 1.785588
10.580000 1.786455
10.590000 1.787322
10.600000 1.788190
10.610000 1.789058
10.620000 1.789927
10.630000 1.790797
10.640000 1.791667
10.650000 1.792538
10.660000 1.793409
10.670000 1.794281
10.680000 1.795154
10.690000 1.796027
10.700000 1.796900
10.710000 1.797775
10.720000 1.798649
10.730000 1.799525
10.740000 1.800401
10.750000 1.801277
10.760000 1.802154
10.770000 1.803032
10.780000 1.803910
10.790000 1.804789
10.800000 1.805668
10.810000 1.806548
10.820000 1.807428
10.830000 1.808309
10.840000 1.809191
10.850000 1.810073
10.860000 1.810955
10.870000 1.811839
10.880000 1.812722
10.890000 1.813607
10.900000 1.814492
10.910000 1.815377
10.920000 1.816263
10.930000 1.817149
10.940000 1.818036
10.950000 1.818924
10.960000 1.819812
10.970000 1.820701
10.980000 1.821590
10.990000 1.822480
11.000000 1.823370
11.010000 1.824261
11.020000 1.825152
11.030000 1.826044
11.040000 1.826936
11.050000 1.827829
11.060000 1.828723
11.070000 1.829617
11.080000 1.830511
11.090000 1.831406
11.100000 1.832302
11.110000 1.833198
11.120000 1.834095
11.130000 1.834992
11.140000 1.835890
11.150000 1.836788
11.160000 1.837686
11.170000 1.838586
11.180000 1.839486
11.190000 1.840386
11.200000 1.841287
11.210000 1.842188
11.220000 1.843090
11.230000 1.843992
11.240000 1.844895
11.250000 1.845798
11.260000 1.846702
11.270000 1.847607
11.280000 1.848511
11.290000 1.849417
11.300000 1.850323
11.310000 1.851229
11.320000 1.852136
11.330000 1.853044
11.340000 1.853951
11.350000 1.854860
11.360000 1.855769
11.370000 1.856678
11.380000 1.857588
11.390000 1.858499
11.400000 1.859410
11.410000 1.860321
11.420000 1.861233
11.430000 1.862145
11.440000 1.863058
11.450000 1.863971
11.460000 1.864885
11.470000 1.865800
11.480000 1.866715
11.490000 1.867630
11.500000 1.868546
11.510000 1.869462
11.520000 1.870379
11.530000 1.871296
11.540000 1.872214
11.550000 1.873132
11.560000 1.874051
11.570000 1.874970
11.580000 1.875890
11.590000 1.876810
11.600000 1.877730
11.610000 1.878652
11.620000 1.879573
11.630000 1.880495
11.640000 1.881418
11.650000 1.882341
11.660000 1.883264
11.670000 1.884188
11.680000 1.885112
11.690000 1.886037
11.700000 1.886963
11.710000 1.887888
11.720000 1.888815
11.730000 1.889741
11.740000 1.890669
11.750000 1.891596
11.760000 1.892524
11.770000 1.893453
11.780000 1.894382
11.790000 1.895312
11.800000 1.896242
11.810000 1.897172
11.820000 1.898103
11.830000 1.899034
11.840000 1.899966
11.850000 1.900898
11.860000 1.901831
11.870000 1.902764
11.880000 1.903698
11.890000 1.904632
11.900000 1.905566
11.910000 1.906501
11.920000 1.907436
11.930000 1.908372
11.940000 1.909308
11.950000 1.910245
11.960000 1.911182
11.970000 1.912120
11.980000 1.913058
11.990000 1.913996
12.000000 1.914935
12.010000 1.915875
12.020000 1.916815
12.030000 1.917755
12.040000 1.918695
12.050000 1.919637
12.060000 1.920578
12.070000 1.921520
12.080000 1.922463
12.090000 1.923405
12.100000 1.924349
12.110000 1.925292
12.120000 1.926236
12.130000 1.927181
12.140000 1.928126
12.150000 1.929071
12.160000 1.930017
12.170000 1.930964
12.180000 1.931910
12.190000 1.932857
12.200000 1.933805
12.210000 1.934753
12.220000 1.935701
12.230000 1.936650
12.240000 1.937599
12.250000 1.938549
12.260000 1.939499
12.270000 1.940449
12.280000 1.941400
12.290000 1.942352
12.300000 1.943303
12.310000 1.944256
12.320000 1.945208
12.330000 1.946161
12.340000 1.947114
12.350000 1.948068
12.360000 1.949022
12.370000 1.949977
12.380000 1.950932
12.390000 1.951887
12.400000 1.952843
12.410000 1.953800
12.420000 1.954756
12.430000 1.955713
12.440000 1.956671
12.450000 1.957629
12.460000 1.958587
12.470000 1.959545
12.480000 1.960505
12.490000 1.961464
12.500000 1.962424
12.510000 1.963384
12.520000 1.964345
12.530000 1.965306
12.540000 1.966267
12.550000 1.967229
12.560000 1.968191
12.570000 1.969154
12.580000 1.970117
12.590000 1.971080
12.600000 1.972044
12.610000 1.973008
12.620000 1.973973
12.630000 1.974938
12.640000 1.975903
12.650000 1.976869
12.660000 1.977835
12.670000 1.978802
12.680000 1.979769
12.690000 1.980736
12.700000 1.981704
12.710000 1.982672
12.720000 1.983640
12.730000 1.984609
12.740000 1.985578
12.750000 1.986548
12.760000 1.987518
12.770000 1.988488
12.780000 1.989459
12.790000 1.990430
12.800000 1.991401
12.810000 1.992373
12.820000 1.993345
12.830000 1.994318
12.840000 1.995291
12.850000 1.996264
12.860000 1.997238
12.870000 1.998212
12.880000 1.999187
12.890000 2.000161
12.900000 2.001137
12.910000 2.002112
12.920000 2.003088
12.930000 2.004064
12.940000 2.005041
12.950000 2.006018
12.960000 2.006996
12.970000 2.007973
12.980000 2.008952
12.990000 2.009930
13.000000 2.010909
13.010000 2.011888
13.020000 2.012868
13.030000 2.013848
13.040000 2.014828
13.050000 2.015809
13.060000 2.016790
13.070000 2.017771
13.080000 2.018753
13.090000 2.019735
13.100000 2.020717
13.110000 2.021700
13.120000 2.022683
13.130000 2.023667
13.140000 2.024651
13.150000 2.025635
13.160000 2.026619
13.170000 2.027604
13.180000 2.028590
13.190000 2.029575
13.200000 2.030561
13.210000 2.031548
13.220000 2.032534
13.230000 2.033521
13.240000 2.034509
13.250000 2.035496
13.260000 2.036484
13.270000 2.037473
13.280000 2.038462
13.290000 2.039451
13.300000 2.040440
13.310000 2.041430
13.320000 2.042420
13.330000 2.043410
13.340000 2.044401
13.350000 2.045392
13.360000 2.046384
13.370000 2.047376
13.380000 2.048368
13.390000 2.049360
13.400000 2.050353
13.410000 2.051346
13.420000 2.052340
13.430000 2.053334
13.440000 2.054328
13.450000 2.055322
13.460000 2.056317
13.470000 2.057312
13.480000 2.058308
13.490000 2.059304
13.500000 2.060300
13.510000 2.061296
13.520000 2.062293
13.530000 2.063290
13.540000 2.064288
13.550000 2.065285
13.560000 2.066284
13.570000 2.067282
13.580000 2.068281
13.590000 2.069280
13.600000 2.070279
13.610000 2.071279
13.620000 2.072279
13.630000 2.073280
13.640000 2.074280
13.650000 2.075281
13.660000 2.076283
13.670000 2.077284
13.680000 2.078286
13.690000 2.079289
13.700000 2.080291
13.710000 2.081294
13.720000 2.082298
13.730000 2.083301
13.740000 2.084305
13.750000 2.085309
13.760000 2.086314
13.770000 2.087319
13.780000 2.088324
13.790000 2.089329
13.800000 2.090335
13.810000 2.091341
13.820000 2.092348
13.830000 2.093354
13.840000 2.094361
13.850000 2.095369
13.860000 2.096376
13.870000 2.097384
13.880000 2.098393
13.890000 2.099401
13.900000 2.100410
13.910000 2.101419
13.920000 2.102429
13.930000 2.103438
13.940000 2.104449
13.950000 2.105459
13.960000 2.106470
13.970000 2.107481
13.980000 2.108492
13.990000 2.109504
14.000000 2.110516
14.010000 2.111528
14.020000 2.112540
14.030000 2.113553
14.040000 2.114566
14.050000 2.115580
14.060000 2.116593
14.070000 2.117607
14.080000 2.118622
14.090000 2.119636
14.100000 2.120651
14.110000 2.121666
14.120000 2.122682
14.130000 2.123698
14.140000 2.124714
14.150000 2.125730
14.160000 2.126747
14.170000 2.127764
14.180000 2.128781
14.190000 2.129799
14.200000 2.130816
14.210000 2.131835
14.220000 2.132853
14.230000 2.133872
14.240000 2.134891
14.250000 2.135910
14.260000 2.136930
14.270000 2.137949
14.280000 2.138970
14.290000 2.139990
14.300000 2.141011
14.310000 2.142032
14.320000 2.143053
14.330000 2.144075
14.340000 2.145096
14.350000 2.146119
14.360000 2.147141
14.370000 2.148164
14.380000 2.149187
14.390000 2.150210
14.400000 2.151234
14.410000 2.152257
14.420000 2.153281
14.430000 2.154306
14.440000 2.155331
14.450000 2.156355
14.460000 2.157381
14.470000 2.158406
14.480000 2.159432
14.490000 2.160458
14.500000 2.161484
14.510000 2.162511
14.520000 2.163538
14.530000 2.164565
14.540000 2.165592
14.550000 2.166620
14.560000 2.167648
14.570000 2.168676
14.580000 2.169705
14.590000 2.170734
14.600000 2.171763
14.610000 2.172792
14.620000 2.173822
14.630000 2.174851
14.640000 2.175882
14.650000 2.176912
14.660000 2.177943
14.670000 2.178974
14.680000 2.180005
14.690000 2.181036
14.700000 2.182068
14.710000 2.183100
14.720000 2.184132
14.730000 2.185165
14.740000 2.186198
14.750000 2.187231
14.760000 2.188264
14.770000 2.189298
14.780000 2.190331
14.790000 2.191366
14.800000 2.192400
14.810000 2.193435
14.820000 2.194469
14.830000 2.195505
14.840000 2.196540
14.850000 2.197576
14.860000 2.198612
14.870000 2.199648
14.880000 2.200684
14.890000 2.201721
14.900000 2.202758
14.910000 2.203795
14.920000 2.204833
14.930000 2.205870
14.940000 2.206908
14.950000 2.207947
14.960000 2.208985
14.970000 2.210024
14.980000 2.211063
14.990000 2.212102
15.000000 2.213142
15.010000 2.214181
15.020000 2.215221
15.030000 2.216262
15.040000 2.217302
15.050000 2.218343
15.060000 2.219384
15.070000 2.220425
15.080000 2.221467
15.090000 2.222509
15.100000 2.223551
15.110000 2.224593
15.120000 2.225635
15.130000 2.226678
15.140000 2.227721
15.150000 2.228764
15.160000 2.229808
15.170000 2.230852
15.180000 2.231896
15.190000 2.232940
15.200000 2.233984
15.210000 2.235029
15.220000 2.236074
15.230000 2.237119
15.240000 2.238165
15.250000 2.239210
15.260000 2.240256
15.270000 2.241303
15.280000 2.242349
15.290000 2.243396
15.300000 2.244442
15.310000 2.245490
15.320000 2.246537
15.330000 2.247585
15.340000 2.248632
15.350000 2.249681
15.360000 2.250729
15.370000 2.251777
15.380000 2.252826
15.390000 2.253875
15.400000 2.254925
15.410000 2.255974
15.420000 2.257024
15.430000 2.258074
15.440000 2.259124
15.450000 2.260174
15.460000 2.261225
15.470000 2.262276
15.480000 2.263327
15.490000 2.264379
15.500000 2.265430
15.510000 2.266482
15.520000 2.267534
15.530000 2.268586
15.540000 2.269639
15.550000 2.270692
15.560000 2.271745
15.570000 2.272798
15.580000 2.273851
15.590000 2.274905
15.600000 2.275959
15.610000 2.277013
15.620000 2.278067
15.630000 2.279122
15.640000 2.280177
15.650000 2.281232
15.660000 2.282287
15.670000 2.283343
15.680000 2.284398
15.690000 2.285454
15.700000 2.286511
15.710000 2.287567
15.720000 2.288624
15.730000 2.289680
15.740000 2.290737
15.750000 2.291795
15.760000 2.292852
15.770000 2.293910
15.780000 2.294968
15.790000 2.296026
15.800000 2.297084
15.810000 2.298143
15.820000 2.299202
15.830000 2.300261
15.840000 2.301320
15.850000 2.302380
15.860000 2.303439
15.870000 2.304499
15.880000 2.305560
15.890000 2.306620
15.900000 2.307680
15.910000 2.308741
15.920000 2.309802
15.930000 2.310863
15.940000 2.311925
15.950000 2.312987
15.960000 2.314048
15.970000 2.315111
15.980000 2.316173
15.990000 2.317235
16.000000 2.318298
16.010000 2.319361
16.020000 2.320424
16.030000 2.321488
16.040000 2.322551
16.050000 2.323615
16.060000 2.324679
16.070000 2.325743
16.080000 2.326808
16.090000 2.327872
16.100000 2.328937
16.110000 2.330002
16.120000 2.331067
16.130000 2.332133
16.140000 2.333199
16.150000 2.334264
16.160000 2.335331
16.170000 2.336397
16.180000 2.337463
16.190000 2.338530
16.200000 2.339597
16.210000 2.340664
16.220000 2.341731
16.230000 2.342799
16.240000 2.343867
16.250000 2.344935
16.260000 2.346003
16.270000 2.347071
16.280000 2.348140
16.290000 2.349209
16.300000 2.350278
16.310000 2.351347
16.320000 2.352416
16.330000 2.353486
16.340000 2.354555
16.350000 2.355625
16.360000 2.356696
16.370000 2.357766
16.380000 2.358837
16.390000 2.359907
16.400000 2.360978
16.410000 2.362050
16.420000 2.363121
16.430000 2.364193
16.440000 2.365264
16.450000 2.366336
16.460000 2.367408
16.470000 2.368481
16.480000 2.369553
16.490000 2.370626
16.500000 2.371699
16.510000 2.372772
16.520000 2.373846
16.530000 2.374919
16.540000 2.375993
16.550000 2.377067
16.560000 2.378141
16.570000 2.379215
16.580000 2.380290
16.590000 2.381365
16.600000 2.382440
16.610000 2.383515
16.620000 2.384590
16.630000 2.385666
16.640000 2.386741
16.650000 2.387817
16.660000 2.388893
16.670000 2.389969
16.680000 2.391046
16.690000 2.392123
16.700000 2.393199
16.710000 2.394276
16.720000 2.395354
16.730000 2.396431
16.740000 2.397509
16.750000 2.398586
16.760000 2.399664
16.770000 2.400743
16.780000 2.401821
16.790000 2.402899
16.800000 2.403978
16.810000 2.405057
16.820000 2.406136
16.830000 2.407216
16.840000 2.408295
16.850000 2.409375
16.860000 2.410455
16.870000 2.411535
16.880000 2.412615
16.890000 2.413695
16.900000 2.414776
16.910000 2.415857
16.920000 2.416937
16.930000 2.418019
16.940000 2.419100
16.950000 2.420181
16.960000 2.421263
16.970000 2.422345
16.980000 2.423427
16.990000 2.424509
17.000000 2.425592
17.010000 2.426674
17.020000 2.427757
17.030000 2.428840
17.040000 2.429923
17.050000 2.431007
17.060000 2.432090
17.070000 2.433174
17.080000 2.434258
17.090000 2.435342
17.100000 2.436426
17.110000 2.437510
17.120000 2.438595
17.130000 2.439680
17.140000 2.440764
17.150000 2.441850
17.160000 2.442935
17.170000 2.444020
17.180000 2.445106
17.190000 2.446192
17.200000 2.447278
17.210000 2.448364
17.220000 2.449450
17.230000 2.450537
17.240000 2.451623
17.250000 2.452710
17.260000 2.453797
17.270000 2.454885
17.280000 2.455972
17.290000 2.457060
17.300000 2.458147
17.310000 2.459235
17.320000 2.460323
17.330000 2.461412
17.340000 2.462500
17.350000 2.463589
17.360000 2.464677
17.370000 2.465766
17.380000 2.466855
17.390000 2.467945
17.400000 2.469034
17.410000 2.470124
17.420000 2.471214
17.430000 2.472304
17.440000 2.473394
17.450000 2.474484
17.460000 2.475574
17.470000 2.476665
17.480000 2.477756
17.490000 2.478847
17.500000 2.479938
17.510000 2.481029
17.520000 2.482121
17.530000 2.483212
17.540000 2.484304
17.550000 2.485396
17.560000 2.486488
17.570000 2.487581
17.580000 2.488673
17.590000 2.489766
17.600000 2.490859
17.610000 2.491952
17.620000 2.493045
17.630000 2.494138
17.640000 2.495232
17.650000 2.496325
17.660000 2.497419
17.670000 2.498513
17.680000 2.499607
17.690000 2.500701
17.700000 2.501796
17.710000 2.502891
17.720000 2.503985
17.730000 2.505080
17.740000 2.506175
17.750000 2.507271
17.760000 2.508366
17.770000 2.509462
17.780000 2.510557
17.790000 2.511653
17.800000 2.512749
17.810000 2.513846
17.820000 2.514942
17.830000 2.516039
17.840000 2.517135
17.850000 2.518232
17.860000 2.519329
17.870000 2.520426
17.880000 2.521524
17.890000 2.522621
17.900000 2.523719
17.910000 2.524817
17.920000 2.525915
17.930000 2.527013
17.940000 2.528111
17.950000 2.529210
17.960000 2.530308
17.970000 2.531407
17.980000 2.532506
17.990000 2.533605
18.000000 2.534704
18.010000 2.535804
18.020000 2.536903
18.030000 2.538003
18.040000 2.539103
18.050000 2.540203
18.060000 2.541303
18.070000 2.542403
18.080000 2.543504
18.090000 2.544604
18.100000 2.545705
18.110000 2.546806
18.120000 2.547907
18.130000 2.549008
18.140000 2.550110
18.150000 2.551211
18.160000 2.552313
18.170000 2.553415
18.180000 2.554517
18.190000 2.555619
18.200000 2.556721
18.210000 2.557824
18.220000 2.558926
18.230000 2.560029
18.240000 2.561132
18.250000 2.562235
18.260000 2.563338
18.270000 2.564441
18.280000 2.565545
18.290000 2.566649
18.300000 2.567752
18.310000 2.568856
18.320000 2.569960
18.330000 2.571065
18.340000 2.572169
18.350000 2.573274
18.360000 2.574378
18.370000 2.575483
18.380000 2.576588
18.390000 2.577693
18.400000 2.578799
18.410000 2.579904
18.420000 2.581010
18.430000 2.582115
18.440000 2.583221
18.450000 2.584327
18.460000 2.585433
18.470000 2.586540
18.480000 2.587646
18.490000 2.588753
18.500000 2.589859
18.510000 2.590966
18.520000 2.592073
18.530000 2.593180
18.540000 2.594288
18.550000 2.595395
18.560000 2.596503
18.570000 2.597610
18.580000 2.598718
18.590000 2.599826
18.600000 2.600935
18.610000 2.602043
18.620000 2.603151
18.630000 2.604260
18.640000 2.605369
18.650000 2.606477
18.660000 2.607587
18.670000 2.608696
18.680000 2.609805
18.690000 2.610914
18.700000 2.612024
18.710000 2.613134
18.720000 2.614244
18.730000 2.615354
18.740000 2.616464
18.750000 2.617574
18.760000 2.618684
18.770000 2.619795
18.780000 2.620906
18.790000 2.622016
18.800000 2.623127
18.810000 2.624239
18.820000 2.625350
18.830000 2.626461
18.840000 2.627573
18.850000 2.628684
18.860000 2.629796
18.870000 2.630908
18.880000 2.632020
18.890000 2.633132
18.900000 2.634245
18.910000 2.635357
18.920000 2.636470
18.930000 2.637583
18.940000 2.638695
18.950000 2.639808
18.960000 2.640922
18.970000 2.642035
18.980000 2.643148
18.990000 2.644262
19.000000 2.645376
19.010000 2.646489
19.020000 2.647603
19.030000 2.648717
19.040000 2.649832
19.050000 2.650946
19.060000 2.652061
19.070000 2.653175
19.080000 2.654290
19.090000 2.655405
19.100000 2.656520
19.110000 2.657635
19.120000 2.658750
19.130000 2.659866
19.140000 2.660981
19.150000 2.662097
19.160000 2.663213
19.170000 2.664329
19.180000 2.665445
19.190000 2.666561
19.200000 2.667677
19.210000 2.668794
19.220000 2.669911
19.230000 2.671027
19.240000 2.672144
19.250000 2.673261
19.260000 2.674378
19.270000 2.675495
19.280000 2.676613
19.290000 2.677730
19.300000 2.678848
19.310000 2.679966
19.320000 2.681084
19.330000 2.682202
19.340000 2.683320
19.350000 2.684438
19.360000 2.685557
19.370000 2.686675
19.380000 2.687794
19.390000 2.688913
19.400000 2.690031
19.410000 2.691150
19.420000 2.692270
19.430000 2.693389
19.440000 2.694508
19.450000 2.695628
19.460000 2.696748
19.470000 2.697867
19.480000 2.698987
19.490000 2.700107
19.500000 2.701228
19.510000 2.702348
19.520000 2.703468
19.530000 2.704589
19.540000 2.705710
19.550000 2.706830
19.560000 2.707951
19.570000 2.709072
19.580000 2.710193
19.590000 2.711315
19.600000 2.712436
19.610000 2.713558
19.620000 2.714679
19.630000 2.715801
19.640000 2.716923
19.650000 2.718045
19.660000 2.719167
19.670000 2.720290
19.680000 2.721412
19.690000 2.722534
19.700000 2.723657
19.710000 2.724780
19.720000 2.725903
19.730000 2.727026
19.740000 2.728149
19.750000 2.729272
19.760000 2.730396
19.770000 2.731519
19.780000 2.732643
19.790000 2.733766
19.800000 2.734890
19.810000 2.736014
19.820000 2.737138
19.830000 2.738262
19.840000 2.739387
19.850000 2.740511
19.860000 2.741636
19.870000 2.742760
19.880000 2.743885
19.890000 2.745010
19.900000 2.746135
19.910000 2.747260
19.920000 2.748386
19.930000 2.749511
19.940000 2.750637
19.950000 2.751762
19.960000 2.752888
19.970000 2.754014
19.980000 2.755140
19.990000 2.756266
