#x f f2
-2.000000 77731619188122611195386719149126491773212313425637539840.000000 20
-1.990000 13059682099013019460228512245664974506416263860192280576.000000 20
-1.980000 2148805856940568524882926502790816746480449744789307392.000000 20
-1.970000 346010968759993361744781427079478446138450348645285888.000000 20
-1.960000 54486757367882102169752693137048236897291814662307840.000000 20
-1.950000 8384188298207850125290712637810565918005209480560640.000000 20
-1.940000 1259618612474038335048301459196219681626578080497664.000000 20
-1.930000 184603773846346427727205642674311617630377045131264.000000 20
-1.920000 26366665288695751165230575938524162197813651832832.000000 20
-1.910000 3666437308835192382800887706672358529641939468288.000000 20
-1.900000 495835697818176867615996825448303075166699651072.000000 20
-1.890000 65137529493016836734593448326194083555354607616.000000 20
-1.880000 8301984750546202263352301419398473957704204288.000000 20
-1.870000 1025189897955005996606078926014017620886421504.000000 20
-1.860000 122480078712479384818524259421826071627038720.000000 20
-1.850000 14134454578721037036049834803816592618553344.000000 20
-1.840000 1572891756131878160222136149175660078694400.000000 20
-1.830000 168465406650351693523360351657514149871616.000000 20
-1.820000 17331003066279413317615623109681092755456.000000 20
-1.810000 1708672406701311952177427789179483324416.000000 20
-1.800000 161040929076917907812931980297211215872.000000 20
-1.790000 14469709450194647482343317627182514176.000000 20
-1.780000 1235656454279845911005246936429101056.000000 20
-1.770000 99944701992935966952551062962176000.000000 20
-1.760000 7627257524135898800537834268655616.000000 20
-1.750000 546793237887138243203503239462912.000000 20
-1.740000 36639977850600865584030502879232.000000 20
-1.730000 2281758157173285010956634554368.000000 20
-1.720000 131180603320197621939842318336.000000 20
-1.710000 6908071804129489076642381824.000000 20
-1.700000 330138677240499248310517760.000000 20
-1.690000 14158951185184053899821056.000000 20
-1.680000 537549393088908510625792.000000 20
-1.670000 17760190170899343736832.000000 20
-1.660000 499646022224464379904.000000 20
-1.650000 11631936340005210112.000000 20
-1.640000 215547765018357024.000000 20
-1.630000 3008329171023613.000000 20
-1.620000 29082893544836.320312 20
-1.610000 169513174299.582458 20
-1.600000 456238538.812065 20
-1.590000 284804.505688 20
-1.580000 0.549733 11
-1.570000 0.134220 15
-1.560000 0.706525 9
-1.550000 0.707107 8
-1.540000 0.701089 10
-1.530000 0.548783 12
-1.520000 0.071952 18
-1.510000 0.406778 13
-1.500000 0.633859 12
-1.490000 0.695436 11
-1.480000 0.705891 9
-1.470000 0.707028 9
-1.460000 0.707104 9
-1.450000 0.707107 8
-1.440000 0.707107 8
-1.430000 0.707107 7
-1.420000 0.707107 6
-1.410000 0.707107 7
-1.400000 0.707107 7
-1.390000 0.707107 7
-1.380000 0.707107 8
-1.370000 0.707107 9
-1.360000 0.707105 9
-1.350000 0.707089 8
-1.340000 0.706993 10
-1.330000 0.706556 10
-1.320000 0.705026 9
-1.310000 0.700667 11
-1.300000 0.690247 11
-1.290000 0.668838 10
-1.280000 0.630335 11
-1.270000 0.568847 12
-1.260000 0.480646 12
-1.250000 0.365910 14
-1.240000 0.229460 15
-1.230000 0.080062 18
-1.220000 0.071456 18
-1.210000 0.214576 14
-1.200000 0.341095 13
-1.190000 0.446227 13
-1.180000 0.528671 12
-1.170000 0.589899 12
-1.160000 0.633103 12
-1.150000 0.662150 10
-1.140000 0.680805 11
-1.130000 0.692274 10
-1.120000 0.699038 11
-1.110000 0.702870 9
-1.100000 0.704959 9
-1.090000 0.706055 10
-1.080000 0.706609 10
-1.070000 0.706880 9
-1.060000 0.707007 9
-1.050000 0.707064 8
-1.040000 0.707089 9
-1.030000 0.707100 8
-1.020000 0.707104 9
-1.010000 0.707106 8
-1.000000 0.707106 9
-0.990000 0.707107 8
-0.980000 0.707107 8
-0.970000 0.707107 9
-0.960000 0.707107 8
-0.950000 0.707107 7
-0.940000 0.707107 8
-0.930000 0.707107 7
-0.920000 0.707107 8
-0.910000 0.707107 8
-0.900000 0.707107 8
-0.890000 0.707107 8
-0.880000 0.707107 8
-0.870000 0.707107 7
-0.860000 0.707107 8
-0.850000 0.707107 6
-0.840000 0.707107 6
-0.830000 0.707107 6
-0.820000 0.707107 7
-0.810000 0.707107 6
-0.800000 0.707107 7
-0.790000 0.707107 6
-0.780000 0.707107 6
-0.770000 0.707107 6
-0.760000 0.707107 6
-0.750000 0.707107 5
-0.740000 0.707107 6
-0.730000 0.707107 6
-0.720000 0.707107 6
-0.710000 0.707107 4
-0.700000 0.707107 6
-0.690000 0.707107 6
-0.680000 0.707107 6
-0.670000 0.707107 5
-0.660000 0.707107 6
-0.650000 0.707107 7
-0.640000 0.707107 7
-0.630000 0.707107 6
-0.620000 0.707107 7
-0.610000 0.707107 7
-0.600000 0.707107 6
-0.590000 0.707107 7
-0.580000 0.707107 6
-0.570000 0.707107 7
-0.560000 0.707107 6
-0.550000 0.707107 7
-0.540000 0.707107 7
-0.530000 0.707107 7
-0.520000 0.707107 8
-0.510000 0.707107 7
-0.500000 0.707107 8
-0.490000 0.707107 8
-0.480000 0.707107 7
-0.470000 0.707107 8
-0.460000 0.707107 8
-0.450000 0.707107 8
-0.440000 0.707107 7
-0.430000 0.707107 7
-0.420000 0.707107 7
-0.410000 0.707107 7
-0.400000 0.707107 9
-0.390000 0.707107 9
-0.380000 0.707107 9
-0.370000 0.707107 9
-0.360000 0.707106 8
-0.350000 0.707106 9
-0.340000 0.707104 9
-0.330000 0.707102 8
-0.320000 0.707098 9
-0.310000 0.707089 9
-0.300000 0.707074 9
-0.290000 0.707048 9
-0.280000 0.707002 10
-0.270000 0.706925 9
-0.260000 0.706798 9
-0.250000 0.706592 10
-0.240000 0.706265 9
-0.230000 0.705757 9
-0.220000 0.704984 10
-0.210000 0.703828 9
-0.200000 0.702135 10
-0.190000 0.699699 11
-0.180000 0.696262 11
-0.170000 0.691500 10
-0.160000 0.685022 11
-0.150000 0.676370 11
-0.140000 0.665025 10
-0.130000 0.650413 12
-0.120000 0.631933 11
-0.110000 0.608979 12
-0.100000 0.580977 12
-0.090000 0.547430 11
-0.080000 0.507956 12
-0.070000 0.462338 12
-0.060000 0.410565 12
-0.050000 0.352855 13
-0.040000 0.289682 13
-0.030000 0.221765 15
-0.020000 0.150059 16
-0.010000 0.075709 17
0.000000 0.000000 20
0.010000 0.075709 17
0.020000 0.150059 16
0.030000 0.221765 15
0.040000 0.289682 13
0.050000 0.352855 13
0.060000 0.410565 12
0.070000 0.462338 12
0.080000 0.507956 12
0.090000 0.547430 11
0.100000 0.580977 12
0.110000 0.608979 12
0.120000 0.631933 11
0.130000 0.650413 12
0.140000 0.665025 10
0.150000 0.676370 11
0.160000 0.685022 11
0.170000 0.691500 10
0.180000 0.696262 11
0.190000 0.699699 11
0.200000 0.702135 10
0.210000 0.703828 9
0.220000 0.704984 10
0.230000 0.705757 9
0.240000 0.706265 9
0.250000 0.706592 10
0.260000 0.706798 9
0.270000 0.706925 9
0.280000 0.707002 10
0.290000 0.707048 9
0.300000 0.707074 9
0.310000 0.707089 8
0.320000 0.707098 9
0.330000 0.707102 8
0.340000 0.707104 9
0.350000 0.707106 9
0.360000 0.707106 8
0.370000 0.707107 9
0.380000 0.707107 9
0.390000 0.707107 8
0.400000 0.707107 9
0.410000 0.707107 8
0.420000 0.707107 7
0.430000 0.707107 7
0.440000 0.707107 7
0.450000 0.707107 7
0.460000 0.707107 7
0.470000 0.707107 8
0.480000 0.707107 8
0.490000 0.707107 8
0.500000 0.707107 8
0.510000 0.707107 7
0.520000 0.707107 8
0.530000 0.707107 8
0.540000 0.707107 7
0.550000 0.707107 7
0.560000 0.707107 6
0.570000 0.707107 6
0.580000 0.707107 7
0.590000 0.707107 7
0.600000 0.707107 6
0.610000 0.707107 7
0.620000 0.707107 7
0.630000 0.707107 6
0.640000 0.707107 7
0.650000 0.707107 7
0.660000 0.707107 6
0.670000 0.707107 5
0.680000 0.707107 6
0.690000 0.707107 6
0.700000 0.707107 6
0.710000 0.707107 5
0.720000 0.707107 6
0.730000 0.707107 6
0.740000 0.707107 6
0.750000 0.707107 6
0.760000 0.707107 6
0.770000 0.707107 6
0.780000 0.707107 6
0.790000 0.707107 6
0.800000 0.707107 7
0.810000 0.707107 7
0.820000 0.707107 7
0.830000 0.707107 6
0.840000 0.707107 7
0.850000 0.707107 6
0.860000 0.707107 8
0.870000 0.707107 7
0.880000 0.707107 8
0.890000 0.707107 8
0.900000 0.707107 7
0.910000 0.707107 8
0.920000 0.707107 8
0.930000 0.707107 8
0.940000 0.707107 8
0.950000 0.707107 7
0.960000 0.707107 8
0.970000 0.707107 9
0.980000 0.707107 8
0.990000 0.707107 8
1.000000 0.707106 9
1.010000 0.707106 8
1.020000 0.707104 9
1.030000 0.707100 8
1.040000 0.707089 9
1.050000 0.707064 8
1.060000 0.707007 9
1.070000 0.706880 9
1.080000 0.706609 9
1.090000 0.706055 10
1.100000 0.704959 9
1.110000 0.702870 9
1.120000 0.699038 11
1.130000 0.692274 10
1.140000 0.680805 11
1.150000 0.662150 10
1.160000 0.633103 12
1.170000 0.589899 12
1.180000 0.528671 12
1.190000 0.446227 13
1.200000 0.341095 13
1.210000 0.214576 14
1.220000 0.071456 18
1.230000 0.080062 18
1.240000 0.229460 14
1.250000 0.365910 14
1.260000 0.480646 12
1.270000 0.568847 12
1.280000 0.630335 12
1.290000 0.668838 10
1.300000 0.690247 11
1.310000 0.700667 10
1.320000 0.705026 9
1.330000 0.706556 10
1.340000 0.706993 10
1.350000 0.707089 8
1.360000 0.707105 9
1.370000 0.707107 8
1.380000 0.707107 8
1.390000 0.707107 7
1.400000 0.707107 7
1.410000 0.707107 7
1.420000 0.707107 7
1.430000 0.707107 8
1.440000 0.707107 7
1.450000 0.707107 8
1.460000 0.707104 9
1.470000 0.707028 9
1.480000 0.705891 9
1.490000 0.695436 11
1.500000 0.633859 11
1.510000 0.406778 13
1.520000 0.071952 18
1.530000 0.548783 12
1.540000 0.701089 10
1.550000 0.707107 9
1.560000 0.706525 10
1.570000 0.134220 15
1.580000 0.549733 12
1.590000 284804.505689 20
1.600000 456238538.813011 20
1.610000 169513174299.864532 20
1.620000 29082893544880.597656 20
1.630000 3008329171027781.500000 20
1.640000 215547765018634496.000000 20
1.650000 11631936340018907136.000000 20
1.660000 499646022225028186112.000000 20
1.670000 17760190170918241173504.000000 20
1.680000 537549393089458803310592.000000 20
1.690000 14158951185197741960593408.000000 20
1.700000 330138677240809516747980800.000000 20
1.710000 6908071804135900328943943680.000000 20
1.720000 131180603320316087720665415680.000000 20
1.730000 2281758157175262372668026912768.000000 20
1.740000 36639977850631467543498485399552.000000 20
1.750000 546793237887596169213614271496192.000000 20
1.760000 7627257524141897451126303693471744.000000 20
1.770000 99944701993016062715319109835292672.000000 20
1.780000 1235656454280802337791980629261287424.000000 20
1.790000 14469709450205702542279715466627776512.000000 20
1.800000 161040929077036382543254213956332421120.000000 20
1.810000 1708672406702549589985258265797088772096.000000 20
1.820000 17331003066291961967623222960514542862336.000000 20
1.830000 168465406650468156601118746573688644042752.000000 20
1.840000 1572891756132969094881756390542914931916800.000000 20
1.850000 14134454578730675637195710774636957199761408.000000 20
1.860000 122480078712560771948467037462619039650021376.000000 20
1.870000 1025189897955678802162150058768861996112674816.000000 20
1.880000 8301984750551497239909454733608525686993059840.000000 20
1.890000 65137529493058152002956086778847664106224222208.000000 20
1.900000 495835697818481103760051600504662283935989891072.000000 20
1.910000 3666437308837464661713604010613294188098014412800.000000 20
1.920000 26366665288710985364213517122786270674043583594496.000000 20
1.930000 184603773846458477493412824254535305741161614802944.000000 20
1.940000 1259618612474780542730447861596752344893862117900288.000000 20
1.950000 8384188298212663259863449818186350603370484608270336.000000 20
1.960000 54486757367914450262258114849731223945910797127909376.000000 20
1.970000 346010968760189024105760966695969886537723615366873088.000000 20
1.980000 2148805856941775846720761992459184799587617658403553280.000000 20
1.990000 13059682099019996609879859167919827539367044835599974400.000000 20
